0 18.44
6 18.19
12 17.87
18 17.62
24 17.37
36 17.00
48 16.69
60 16.31
71 16.06
83 15.81
95 15.56
107 15.25
125 14.94
137 14.69
149 14.44
166 14.13
178 13.88
196 13.56
214 13.31
232 13.00
250 12.75
267 12.50
285 12.25
303 12.00
321 11.75
339 11.50
363 11.19
380 10.94
404 10.63
428 10.38
446 10.13
464 9.88
487 9.63
505 9.38
529 9.06
553 8.81
570 8.56
594 8.31
612 8.06
636 7.81
660 7.56
677 7.31
701 7.06
725 6.81
749 6.56
772 6.31
790 6.06
814 5.81
838 5.56
862 5.31
885 5.06
909 4.81
933 4.50
957 4.25
986 4.00
1010 3.75
1034 3.50
1058 3.25
1081 3.00
1105 2.75
1129 2.50
1153 2.25
1182 2.00
1218 1.75
1254 1.50
1283 1.25
1313 1.00
1361 0.75
1485 0.50
1598 0.25
1658 0.00
-----------END---------
-----------END---------
0 20.94
65 20.62
71 20.37
77 20.12
83 19.87
95 19.44
107 19.12
113 18.87
119 18.62
131 18.31
143 17.94
161 17.62
178 17.37
196 17.12
208 16.87
220 16.56
232 16.31
244 16.06
261 15.69
279 15.44
291 15.19
303 14.94
327 14.63
351 14.31
368 14.06
386 13.81
404 13.50
428 13.25
446 12.94
469 12.63
487 12.38
511 12.13
529 11.88
552 11.56
570 11.31
594 11.06
612 10.81
636 10.50
653 10.25
677 10.00
695 9.75
719 9.50
737 9.25
760 9.00
784 8.75
802 8.50
826 8.25
849 8.00
867 7.75
891 7.50
915 7.25
939 6.94
962 6.69
986 6.44
1010 6.19
1034 5.94
1057 5.69
1075 5.44
1099 5.19
1129 4.94
1152 4.69
1176 4.38
1200 4.13
1224 3.88
1247 3.63
1271 3.38
1295 3.13
1319 2.88
1348 2.63
1378 2.38
1414 2.13
1455 1.88
1497 1.63
1562 1.37
1645 1.12
1740 0.88
1824 0.63
1901 0.37
2115 0.12
2162 0.00
-----------END---------
-----------END---------
0 40.38
24 40.00
30 39.75
36 39.38
42 39.00
48 38.75
54 38.44
60 38.13
65 37.88
71 37.63
83 37.31
95 36.88
101 36.56
113 36.25
119 36.00
131 35.56
143 35.25
155 34.81
166 34.50
172 34.19
184 33.88
190 33.63
202 33.38
208 33.13
220 32.81
232 32.44
244 32.13
256 31.75
267 31.37
279 31.06
297 30.75
309 30.44
321 30.19
327 29.94
339 29.56
351 29.25
368 28.87
380 28.56
398 28.19
410 27.94
422 27.62
434 27.37
446 27.12
457 26.81
469 26.56
481 26.31
493 26.06
505 25.81
517 25.56
529 25.31
541 25.06
552 24.81
564 24.50
576 24.25
594 23.94
612 23.56
630 23.25
642 23.00
653 22.75
665 22.44
683 22.19
695 21.87
713 21.56
725 21.19
737 20.87
754 20.56
766 20.31
778 20.06
796 19.69
814 19.37
826 19.12
843 18.87
861 18.56
879 18.31
891 18.06
909 17.81
927 17.50
944 17.25
962 16.94
980 16.69
992 16.44
1010 16.19
1028 15.94
1045 15.63
1063 15.38
1081 15.13
1099 14.88
1117 14.63
1134 14.38
1152 14.13
1170 13.88
1188 13.63
1206 13.38
1224 13.13
1241 12.88
1259 12.63
1277 12.38
1301 12.06
1319 11.81
1342 11.56
1360 11.31
1378 11.06
1396 10.81
1420 10.56
1437 10.31
1455 10.06
1479 9.81
1497 9.56
1521 9.31
1538 9.06
1562 8.75
1586 8.50
1610 8.19
1633 7.94
1651 7.69
1675 7.44
1699 7.19
1722 6.94
1746 6.69
1764 6.44
1788 6.19
1812 5.94
1835 5.63
1859 5.38
1883 5.13
1907 4.88
1930 4.63
1954 4.38
1978 4.13
2002 3.88
2031 3.63
2055 3.38
2079 3.13
2109 2.88
2132 2.63
2162 2.38
2192 2.13
2227 1.88
2257 1.63
2299 1.37
2346 1.12
2411 0.88
2471 0.63
2542 0.37
2637 0.12
2667 0.00
-----------END---------
-----------END---------
0 49.88
6 49.44
12 49.06
18 48.69
24 48.44
30 48.13
36 47.88
42 47.50
48 47.19
54 46.94
60 46.69
65 46.44
71 46.19
77 45.94
83 45.69
89 45.44
95 45.13
101 44.88
113 44.44
119 44.19
125 43.94
131 43.69
137 43.44
143 43.19
155 42.69
161 42.44
172 42.06
178 41.81
190 41.44
202 41.13
208 40.88
220 40.44
232 40.00
238 39.75
250 39.31
261 38.94
273 38.63
279 38.38
291 38.00
303 37.56
315 37.25
327 36.94
339 36.63
351 36.06
356 35.69
374 35.38
386 35.00
398 34.69
410 34.31
416 34.06
428 33.75
440 33.31
451 33.06
463 32.81
475 32.50
487 32.13
499 31.87
511 31.56
523 31.19
535 30.87
546 30.62
558 30.25
576 29.94
588 29.69
600 29.37
612 29.06
624 28.75
636 28.50
647 28.19
659 27.94
671 27.62
683 27.31
701 27.00
713 26.75
725 26.50
737 26.25
754 25.87
766 25.62
778 25.37
790 25.12
802 24.87
814 24.62
826 24.37
837 24.12
849 23.75
867 23.50
885 23.19
897 22.94
915 22.56
927 22.31
944 22.00
962 21.75
974 21.44
992 21.19
1010 20.87
1027 20.56
1045 20.31
1057 20.06
1075 19.75
1093 19.44
1111 19.19
1123 18.94
1140 18.69
1152 18.44
1170 18.19
1188 17.94
1206 17.62
1223 17.31
1241 17.06
1259 16.81
1277 16.50
1295 16.25
1313 16.00
1330 15.75
1348 15.44
1372 15.13
1390 14.88
1408 14.63
1425 14.38
1443 14.13
1461 13.88
1479 13.63
1503 13.31
1526 13.00
1550 12.69
1574 12.38
1598 12.06
1621 11.81
1639 11.56
1657 11.31
1681 11.06
1699 10.81
1722 10.56
1746 10.31
1764 10.06
1788 9.81
1811 9.56
1835 9.31
1853 9.06
1877 8.81
1895 8.56
1924 8.31
1948 8.06
1966 7.81
1996 7.56
2019 7.31
2043 7.06
2073 6.75
2097 6.50
2120 6.25
2144 6.00
2174 5.75
2198 5.50
2221 5.25
2251 5.00
2275 4.75
2304 4.50
2328 4.25
2358 4.00
2382 3.75
2411 3.50
2435 3.25
2459 3.00
2483 2.75
2512 2.50
2542 2.25
2584 2.00
2637 1.75
2702 1.50
2815 1.25
2904 1.00
2982 0.75
3053 0.50
3130 0.25
3189 0.00
-----------END---------
-----------END---------
0 11.94
12 11.69
24 11.44
36 11.19
48 10.94
60 10.69
71 10.44
89 10.13
101 9.88
113 9.63
125 9.38
143 9.06
161 8.81
178 8.56
196 8.31
214 8.06
232 7.81
256 7.56
273 7.31
297 7.06
321 6.81
345 6.50
368 6.25
398 6.00
422 5.75
452 5.50
481 5.25
505 5.00
535 4.75
559 4.50
588 4.25
612 4.00
642 3.75
671 3.50
695 3.25
725 3.00
755 2.75
784 2.50
814 2.25
844 2.00
885 1.75
915 1.50
962 1.25
1087 1.00
1254 0.75
1343 0.50
1432 0.25
1515 0.00
-----------END---------
-----------END---------
0 16.44
18 16.06
30 15.69
42 15.38
60 15.06
71 14.81
89 14.50
107 14.19
125 13.94
143 13.63
161 13.38
178 13.13
196 12.88
220 12.56
238 12.31
261 12.06
279 11.81
303 11.56
321 11.31
345 11.06
362 10.81
386 10.56
410 10.31
434 10.06
457 9.81
481 9.56
505 9.25
529 9.00
553 8.75
582 8.44
606 8.19
630 7.94
653 7.69
683 7.38
713 7.13
737 6.88
766 6.63
796 6.38
820 6.13
844 5.88
873 5.63
897 5.38
927 5.13
950 4.88
980 4.63
1004 4.38
1034 4.13
1063 3.88
1093 3.63
1129 3.38
1158 3.13
1194 2.88
1224 2.63
1253 2.38
1295 2.13
1331 1.88
1384 1.63
1467 1.37
1586 1.12
1711 0.88
1788 0.63
1877 0.37
1978 0.12
2002 0.00
-----------END---------
-----------END---------
0 30.19
18 29.94
30 29.50
42 29.06
48 28.81
60 28.37
71 27.94
83 27.62
95 27.31
107 27.00
119 26.69
131 26.37
143 26.12
155 25.81
166 25.56
178 25.25
190 25.00
202 24.75
214 24.44
226 24.19
238 23.94
256 23.62
267 23.31
285 23.00
297 22.75
309 22.50
321 22.25
339 21.94
351 21.69
368 21.37
386 21.06
398 20.81
416 20.50
434 20.19
452 19.87
463 19.62
481 19.31
499 19.06
511 18.81
529 18.50
547 18.19
564 17.94
582 17.62
600 17.31
618 17.06
636 16.75
653 16.50
671 16.25
689 15.94
707 15.69
725 15.44
743 15.13
760 14.88
778 14.63
796 14.38
814 14.13
832 13.88
849 13.63
867 13.38
885 13.13
903 12.88
921 12.63
944 12.31
962 12.06
986 11.81
1004 11.56
1022 11.31
1045 11.00
1069 10.75
1087 10.50
1111 10.19
1135 9.94
1158 9.69
1176 9.44
1200 9.19
1218 8.94
1241 8.69
1265 8.44
1283 8.19
1307 7.94
1331 7.69
1354 7.44
1378 7.19
1402 6.94
1426 6.69
1443 6.44
1467 6.19
1497 5.94
1521 5.69
1544 5.44
1568 5.19
1598 4.94
1622 4.69
1645 4.44
1675 4.19
1699 3.94
1729 3.69
1758 3.44
1788 3.19
1812 2.94
1841 2.69
1877 2.44
1907 2.19
1936 1.94
1978 1.69
2031 1.44
2156 1.19
2323 0.94
2394 0.69
2483 0.44
2578 0.19
2625 0.00
-----------END---------
-----------END---------
0 39.63
18 39.25
24 38.94
30 38.56
36 38.13
42 37.75
48 37.50
54 37.13
60 36.75
65 36.50
77 36.13
89 35.75
95 35.50
101 35.19
107 34.94
119 34.56
131 34.19
143 33.81
155 33.56
161 33.25
172 33.00
178 32.75
184 32.50
196 32.06
208 31.69
220 31.37
232 31.00
244 30.75
256 30.37
267 30.00
279 29.75
285 29.50
297 29.19
309 28.94
321 28.69
333 28.37
345 28.12
356 27.81
368 27.50
380 27.25
392 26.94
404 26.62
416 26.31
428 26.06
440 25.75
451 25.44
463 25.19
481 24.87
493 24.62
505 24.37
517 24.12
535 23.81
547 23.56
564 23.25
576 23.00
594 22.69
606 22.37
624 22.12
636 21.87
653 21.56
665 21.31
677 21.06
695 20.81
713 20.50
731 20.19
742 19.94
766 19.62
784 19.25
802 19.00
820 18.75
838 18.44
861 18.12
879 17.75
897 17.50
915 17.19
933 16.87
950 16.62
974 16.31
992 16.06
1010 15.75
1028 15.50
1045 15.25
1063 15.00
1081 14.75
1099 14.50
1117 14.19
1134 13.94
1152 13.69
1176 13.44
1194 13.19
1212 12.94
1235 12.63
1259 12.31
1283 12.00
1307 11.75
1325 11.50
1342 11.25
1366 11.00
1384 10.75
1402 10.50
1425 10.25
1449 10.00
1467 9.75
1491 9.50
1515 9.25
1532 9.00
1556 8.75
1580 8.50
1604 8.25
1627 8.00
1651 7.75
1675 7.50
1699 7.25
1722 7.00
1746 6.75
1776 6.44
1800 6.19
1829 5.94
1853 5.69
1877 5.44
1907 5.19
1930 4.94
1954 4.69
1984 4.44
2008 4.19
2037 3.94
2067 3.69
2097 3.44
2114 3.19
2150 2.94
2186 2.69
2215 2.44
2245 2.19
2275 1.94
2316 1.69
2352 1.44
2388 1.19
2435 0.94
2501 0.69
2578 0.44
2679 0.19
2720 0.00
-----------END---------
-----------END---------
0 43.56
42 43.25
54 42.88
65 42.56
83 42.19
95 41.88
107 41.50
119 41.25
131 41.00
143 40.75
155 40.50
166 40.25
184 39.88
196 39.63
214 39.31
226 39.06
238 38.75
256 38.44
273 38.19
291 37.94
303 37.69
315 37.44
333 37.13
345 36.88
356 36.63
374 36.38
392 36.06
410 35.75
428 35.44
446 35.13
463 34.81
487 34.50
505 34.25
523 33.94
535 33.63
558 33.38
570 33.13
594 32.81
612 32.56
630 32.25
647 32.00
671 31.69
689 31.44
713 31.12
731 30.87
748 30.62
766 30.37
790 30.06
808 29.81
826 29.56
849 29.31
873 29.06
891 28.81
909 28.56
927 28.31
944 28.06
968 27.81
986 27.56
1010 27.31
1033 27.06
1057 26.75
1075 26.50
1099 26.25
1122 26.00
1146 25.75
1170 25.50
1188 25.25
1206 25.00
1235 24.75
1259 24.44
1271 24.12
1283 23.69
1295 23.37
1307 23.12
1318 22.87
1330 22.62
1342 22.31
1360 21.94
1372 21.69
1390 21.44
1408 21.12
1425 20.87
1437 20.62
1455 20.37
1467 20.12
1485 19.87
1503 19.56
1526 19.25
1538 19.00
1556 18.75
1574 18.50
1592 18.25
1609 18.00
1627 17.75
1639 17.50
1669 17.19
1687 16.94
1704 16.69
1728 16.37
1746 16.12
1764 15.81
1788 15.56
1805 15.31
1823 15.06
1841 14.81
1859 14.56
1883 14.31
1906 14.00
1924 13.75
1942 13.50
1966 13.25
1990 13.00
2007 12.75
2031 12.50
2049 12.25
2067 12.00
2091 11.75
2114 11.50
2138 11.19
2162 10.94
2186 10.63
2209 10.38
2233 10.13
2257 9.88
2275 9.63
2298 9.38
2322 9.13
2346 8.88
2370 8.63
2393 8.38
2411 8.13
2435 7.88
2459 7.63
2483 7.38
2512 7.13
2536 6.88
2560 6.63
2583 6.38
2607 6.13
2637 5.88
2661 5.63
2684 5.38
2708 5.13
2738 4.88
2768 4.63
2791 4.38
2821 4.13
2851 3.88
2880 3.63
2910 3.38
2946 3.13
2975 2.88
3011 2.63
3059 2.38
3106 2.13
3166 1.88
3225 1.63
3314 1.37
3415 1.12
3504 0.88
3587 0.63
3682 0.37
3777 0.12
3807 0.00
-----------END---------
-----------END---------
0 53.63
12 53.38
30 53.00
42 52.56
48 52.06
54 51.31
60 50.75
65 50.31
71 50.06
77 49.75
83 49.25
89 48.88
95 48.63
101 48.38
107 48.13
113 47.75
119 47.38
125 46.94
131 46.56
137 46.25
149 45.75
155 45.50
161 45.25
172 44.81
184 44.38
190 44.06
202 43.63
208 43.25
220 42.81
232 42.31
238 42.06
244 41.81
250 41.56
256 41.31
261 41.06
267 40.81
279 40.38
291 40.00
303 39.50
309 39.19
321 38.94
333 38.63
345 38.13
356 37.75
362 37.50
368 37.25
380 36.94
386 36.69
398 36.25
410 35.88
422 35.50
428 35.25
440 34.94
451 34.56
463 34.13
469 33.88
481 33.63
493 33.19
505 32.81
517 32.38
535 32.06
541 31.81
552 31.56
564 31.25
570 31.00
576 30.75
588 30.50
606 30.12
612 29.87
618 29.62
636 29.25
647 28.94
659 28.69
671 28.44
683 28.12
695 27.81
707 27.44
725 27.12
731 26.87
748 26.44
760 26.06
772 25.75
778 25.50
796 25.12
808 24.75
820 24.50
832 24.25
849 23.94
861 23.62
867 23.37
885 23.06
897 22.81
903 22.56
921 22.25
938 21.94
950 21.69
962 21.44
974 21.19
992 20.87
1010 20.56
1022 20.31
1033 20.06
1051 19.75
1069 19.44
1081 19.19
1099 18.87
1117 18.56
1134 18.25
1152 18.00
1164 17.75
1176 17.50
1194 17.25
1212 17.00
1223 16.75
1241 16.44
1259 16.19
1277 15.88
1295 15.56
1313 15.25
1330 15.00
1348 14.75
1366 14.44
1384 14.19
1402 13.94
1419 13.69
1437 13.44
1455 13.19
1473 12.94
1491 12.69
1509 12.44
1532 12.13
1550 11.88
1568 11.63
1586 11.38
1609 11.13
1627 10.88
1645 10.63
1669 10.31
1693 10.06
1710 9.81
1728 9.56
1752 9.31
1770 9.06
1794 8.81
1811 8.56
1835 8.25
1859 8.00
1883 7.69
1906 7.44
1930 7.19
1948 6.94
1972 6.69
1996 6.44
2013 6.19
2037 5.94
2061 5.69
2085 5.44
2108 5.19
2132 4.94
2156 4.69
2180 4.44
2203 4.19
2227 3.94
2257 3.69
2281 3.44
2304 3.19
2334 2.94
2358 2.69
2388 2.44
2417 2.19
2447 1.94
2483 1.69
2524 1.44
2572 1.19
2631 0.94
2690 0.69
2756 0.44
2839 0.19
2881 0.00
-----------END---------
-----------END---------
0 59.25
11 59.00
23 58.75
29 58.44
35 58.19
53 57.69
59 57.31
65 57.00
77 56.56
83 56.31
89 56.00
95 55.75
100 55.50
106 55.25
112 55.00
118 54.69
124 54.38
130 54.13
136 53.88
148 53.50
160 53.00
172 52.56
178 52.31
190 51.94
201 51.63
207 51.38
219 51.00
225 50.75
237 50.31
243 50.06
255 49.69
267 49.44
279 49.00
290 48.56
302 48.31
314 47.88
326 47.56
338 47.19
350 46.81
362 46.44
374 46.13
386 45.75
397 45.50
409 45.13
421 44.81
433 44.44
445 44.19
457 43.88
469 43.56
481 43.25
492 42.94
504 42.63
516 42.38
528 42.00
534 41.63
540 41.31
546 41.06
564 40.63
570 40.31
576 40.00
581 39.69
587 39.44
599 39.13
605 38.88
611 38.63
623 38.38
635 38.06
641 37.75
647 37.44
659 37.06
665 36.75
676 36.44
688 36.13
700 35.81
712 35.38
724 35.13
730 34.88
742 34.50
754 34.13
766 33.69
777 33.44
783 33.13
801 32.81
813 32.44
825 32.00
831 31.75
849 31.50
861 31.25
872 30.94
884 30.62
896 30.19
908 29.87
920 29.56
926 29.25
944 29.00
956 28.69
973 28.25
985 28.00
997 27.75
1009 27.44
1015 27.19
1027 26.94
1039 26.62
1051 26.31
1068 26.06
1080 25.81
1092 25.56
1104 25.25
1116 25.00
1128 24.69
1140 24.44
1157 24.06
1169 23.81
1187 23.50
1199 23.19
1211 22.94
1223 22.69
1235 22.44
1247 22.19
1258 21.87
1282 21.56
1294 21.31
1306 21.06
1318 20.81
1330 20.56
1348 20.31
1359 20.06
1377 19.75
1395 19.44
1407 19.19
1425 18.87
1443 18.62
1454 18.37
1472 18.06
1490 17.81
1508 17.50
1520 17.25
1538 16.94
1555 16.69
1573 16.44
1591 16.12
1609 15.88
1627 15.56
1644 15.25
1662 14.94
1686 14.69
1704 14.44
1722 14.13
1745 13.81
1769 13.56
1787 13.25
1805 13.00
1823 12.75
1840 12.50
1852 12.25
1876 11.94
1894 11.63
1930 11.38
1947 11.06
1971 10.81
1995 10.56
2007 10.25
2036 10.00
2060 9.75
2078 9.50
2090 9.25
2114 8.94
2143 8.69
2173 8.44
2191 8.13
2221 7.88
2238 7.63
2262 7.38
2274 7.13
2304 6.88
2327 6.63
2363 6.38
2393 6.13
2411 5.88
2434 5.63
2452 5.38
2476 5.13
2506 4.81
2535 4.56
2571 4.31
2607 4.06
2630 3.81
2666 3.56
2696 3.31
2719 3.06
2755 2.81
2785 2.56
2809 2.31
2850 2.06
2892 1.81
2933 1.56
2987 1.31
3046 1.06
3189 0.81
3272 0.56
3343 0.31
3426 0.00
-----------END---------
-----------END---------
0 62.50
5 62.25
11 61.81
23 61.50
29 61.19
35 60.75
41 60.38
47 60.00
53 59.63
59 59.13
65 58.75
71 58.38
77 58.13
83 57.81
89 57.50
95 57.06
100 56.69
106 56.38
112 56.13
118 55.88
124 55.56
130 55.19
136 54.88
142 54.50
148 54.13
154 53.81
160 53.50
166 53.19
172 52.94
178 52.69
184 52.38
190 52.06
195 51.75
201 51.44
207 51.19
213 50.94
219 50.69
225 50.38
231 50.13
237 49.88
243 49.56
249 49.25
255 48.94
261 48.69
267 48.44
273 48.19
279 47.94
285 47.69
291 47.38
296 47.13
302 46.88
314 46.44
320 46.19
332 45.75
338 45.50
350 45.06
356 44.81
362 44.56
374 44.13
386 43.63
397 43.19
409 42.81
421 42.44
427 42.19
439 41.75
451 41.38
457 41.13
469 40.63
481 40.19
492 39.88
504 39.50
516 39.13
528 38.75
540 38.38
552 38.00
564 37.63
570 37.38
576 37.13
587 36.81
599 36.50
611 36.25
623 35.94
635 35.56
647 35.25
659 34.88
671 34.56
682 34.25
694 33.88
706 33.56
718 33.25
730 32.94
742 32.56
754 32.25
766 31.94
777 31.62
783 31.37
795 31.06
807 30.81
819 30.50
831 30.25
843 29.94
855 29.69
867 29.44
878 29.19
890 28.87
902 28.62
914 28.31
926 28.06
938 27.81
950 27.50
962 27.25
973 27.00
985 26.69
1003 26.31
1015 26.06
1027 25.81
1039 25.50
1057 25.19
1068 24.94
1080 24.69
1092 24.44
1104 24.19
1122 23.87
1140 23.50
1152 23.25
1163 23.00
1181 22.69
1199 22.37
1211 22.12
1223 21.87
1241 21.56
1258 21.25
1276 20.94
1288 20.69
1306 20.37
1324 20.06
1342 19.75
1353 19.50
1371 19.19
1389 18.94
1401 18.69
1419 18.37
1437 18.12
1454 17.81
1472 17.56
1490 17.25
1508 17.00
1520 16.75
1538 16.44
1555 16.19
1573 15.94
1591 15.63
1609 15.38
1627 15.13
1644 14.81
1662 14.56
1680 14.31
1698 14.06
1716 13.81
1734 13.50
1751 13.25
1769 12.94
1787 12.69
1805 12.44
1823 12.19
1840 11.94
1858 11.69
1876 11.44
1894 11.19
1912 10.94
1930 10.69
1947 10.44
1965 10.19
1983 9.94
2001 9.69
2025 9.44
2042 9.19
2060 8.94
2078 8.69
2102 8.44
2120 8.19
2143 7.94
2161 7.69
2179 7.44
2203 7.19
2221 6.94
2244 6.69
2262 6.44
2286 6.19
2310 5.94
2333 5.69
2351 5.44
2375 5.19
2405 4.94
2428 4.69
2458 4.44
2488 4.19
2518 3.94
2559 3.69
2613 3.44
2660 3.19
2714 2.94
2779 2.69
2850 2.44
2921 2.19
3082 1.94
3177 1.69
3272 1.44
3355 1.19
3456 0.94
3551 0.69
3664 0.44
3789 0.19
3848 0.00
-----------END---------
-----------END---------
0 70.94
11 70.69
23 70.19
29 69.81
35 69.31
41 68.81
47 68.31
53 67.87
59 67.50
65 67.19
71 66.87
77 66.56
83 66.25
89 65.87
95 65.44
100 65.00
106 64.62
118 64.19
124 63.88
130 63.56
136 63.25
142 62.88
148 62.50
154 62.13
160 61.75
166 61.19
172 60.69
178 60.19
184 59.88
190 59.50
195 59.13
201 58.69
207 58.25
213 57.88
219 57.38
225 57.06
231 56.69
237 56.25
243 55.88
249 55.50
255 54.94
261 54.56
267 54.19
273 53.88
279 53.63
285 53.38
291 53.13
296 52.69
302 52.38
308 52.00
314 51.69
326 51.19
332 50.88
338 50.50
344 50.06
350 49.75
362 49.38
368 49.13
374 48.88
380 48.56
386 48.25
391 47.94
397 47.63
403 47.31
415 46.94
421 46.69
427 46.31
433 46.00
439 45.75
451 45.31
463 44.88
475 44.44
481 44.13
487 43.88
492 43.63
504 43.31
516 42.81
522 42.50
528 42.19
540 41.81
546 41.56
552 41.31
564 41.06
570 40.81
576 40.56
582 40.31
593 39.88
605 39.63
611 39.31
617 39.06
629 38.63
641 38.31
653 38.00
659 37.69
671 37.31
682 37.00
688 36.75
694 36.44
706 36.19
718 35.94
724 35.69
730 35.44
742 35.06
754 34.81
760 34.56
772 34.25
777 33.94
789 33.63
801 33.38
813 33.13
825 32.75
837 32.31
849 32.06
861 31.81
872 31.44
884 31.06
896 30.69
914 30.37
926 30.12
938 29.87
950 29.44
962 29.12
973 28.87
985 28.62
997 28.31
1009 28.00
1021 27.62
1033 27.31
1045 27.06
1057 26.81
1068 26.50
1080 26.19
1092 25.94
1104 25.62
1122 25.37
1134 25.06
1146 24.81
1163 24.50
1175 24.19
1187 23.94
1205 23.56
1217 23.31
1235 22.87
1247 22.62
1264 22.31
1282 22.06
1294 21.81
1306 21.56
1318 21.25
1336 20.94
1353 20.62
1365 20.37
1383 20.12
1401 19.87
1413 19.62
1425 19.37
1443 19.06
1454 18.81
1472 18.50
1490 18.25
1508 17.94
1526 17.69
1538 17.44
1555 17.12
1573 16.81
1597 16.50
1609 16.25
1627 16.00
1644 15.69
1674 15.38
1686 15.13
1704 14.88
1722 14.63
1739 14.38
1763 14.06
1775 13.81
1799 13.56
1811 13.31
1829 13.06
1846 12.81
1870 12.56
1888 12.31
1906 12.06
1929 11.81
1947 11.56
1965 11.31
1989 11.00
2013 10.75
2030 10.44
2048 10.19
2072 9.94
2096 9.69
2108 9.44
2131 9.19
2161 8.88
2191 8.56
2209 8.25
2238 8.00
2268 7.75
2286 7.50
2310 7.25
2333 7.00
2351 6.75
2381 6.50
2399 6.25
2428 6.00
2452 5.75
2470 5.50
2500 5.25
2523 4.94
2559 4.69
2583 4.44
2607 4.19
2642 3.94
2672 3.69
2696 3.44
2731 3.19
2761 2.94
2797 2.69
2832 2.44
2874 2.19
2909 1.94
2951 1.69
3004 1.44
3076 1.19
3147 0.94
3224 0.69
3296 0.44
3373 0.19
3402 0.00
-----------END---------
-----------END---------
0 79.06
5 78.44
11 78.06
17 77.75
23 77.25
29 76.44
35 75.31
41 74.56
47 73.75
53 72.87
59 72.12
65 71.44
71 70.69
77 70.06
83 69.44
89 68.94
95 68.37
100 68.00
106 67.50
112 67.06
118 66.44
124 65.87
130 65.50
142 64.75
148 64.19
154 63.75
160 63.31
166 62.75
172 62.38
178 62.13
184 61.69
190 61.19
196 60.75
201 60.38
207 60.06
213 59.75
219 59.38
225 58.94
231 58.50
237 58.19
243 57.69
249 57.31
255 56.94
261 56.69
273 56.19
285 55.56
291 55.06
296 54.69
302 54.38
308 54.06
314 53.75
320 53.50
326 53.25
332 53.00
338 52.75
344 52.44
350 52.13
356 51.63
362 51.31
368 50.94
374 50.69
386 50.25
391 50.00
397 49.75
403 49.38
409 49.06
415 48.69
427 48.13
439 47.69
451 47.25
457 47.00
463 46.69
475 46.44
481 46.19
487 45.88
492 45.56
498 45.25
504 44.94
516 44.50
528 44.19
534 43.94
540 43.56
552 43.13
558 42.88
564 42.63
576 42.31
582 42.06
587 41.81
599 41.44
611 41.00
617 40.69
623 40.44
635 40.19
647 39.88
653 39.56
659 39.31
665 39.06
677 38.75
682 38.50
688 38.25
694 38.00
706 37.63
718 37.19
736 36.75
742 36.50
754 36.19
760 35.88
772 35.63
783 35.25
795 34.88
801 34.63
807 34.38
825 34.06
831 33.81
837 33.56
849 33.25
861 32.88
872 32.56
884 32.13
890 31.87
902 31.62
920 31.25
932 31.00
944 30.75
950 30.44
962 30.19
973 29.94
985 29.50
997 29.12
1009 28.81
1021 28.50
1039 28.12
1051 27.81
1063 27.56
1074 27.31
1086 27.00
1098 26.69
1116 26.31
1128 26.06
1140 25.75
1146 25.50
1158 25.12
1169 24.87
1193 24.56
1205 24.25
1223 23.94
1235 23.62
1241 23.37
1253 23.12
1270 22.81
1282 22.56
1294 22.25
1312 21.94
1324 21.69
1348 21.31
1359 21.00
1371 20.69
1389 20.31
1401 20.06
1425 19.75
1437 19.44
1443 19.19
1454 18.94
1472 18.62
1496 18.37
1508 18.12
1520 17.87
1532 17.56
1555 17.19
1573 16.94
1585 16.69
1603 16.31
1615 16.06
1633 15.81
1650 15.44
1662 15.19
1686 14.94
1710 14.69
1728 14.31
1751 14.00
1769 13.63
1787 13.38
1888 13.13
1918 12.88
1953 12.63
1983 12.38
2013 12.13
2048 11.88
2078 11.63
2096 11.31
2108 11.00
2120 10.75
2131 10.50
2149 10.19
2167 9.94
2191 9.69
2203 9.44
2226 9.19
2256 8.88
2280 8.63
2304 8.38
2339 8.13
2351 7.88
2369 7.56
2405 7.31
2428 7.00
2458 6.75
2500 6.50
2518 6.25
2535 6.00
2565 5.75
2595 5.50
2624 5.25
2648 4.94
2696 4.69
2714 4.44
2743 4.19
2773 3.94
2797 3.69
2826 3.44
2862 3.19
2904 2.94
2939 2.69
2981 2.44
3022 2.19
3076 1.94
3135 1.69
3212 1.44
3296 1.19
3391 0.94
3474 0.69
3557 0.44
3640 0.19
3694 0.00
-----------END---------
-----------END---------
0 75.87
5 75.00
11 74.75
23 74.25
29 73.81
35 73.12
41 72.44
47 71.75
53 71.00
59 70.12
65 69.44
71 68.94
77 68.44
83 68.00
89 67.50
95 67.12
100 66.75
106 66.25
112 65.75
118 65.37
124 64.94
130 64.44
136 63.94
142 63.38
148 62.81
154 62.31
160 61.94
166 61.63
172 61.19
178 60.75
184 60.38
190 60.06
195 59.63
201 59.19
207 58.81
213 58.44
219 58.06
225 57.75
231 57.38
237 57.00
243 56.75
249 56.31
255 55.94
261 55.63
267 55.25
273 55.00
279 54.69
285 54.38
291 54.00
296 53.63
302 53.19
308 52.88
320 52.44
326 52.13
332 51.75
338 51.50
350 51.06
356 50.81
362 50.44
368 50.13
374 49.88
380 49.63
386 49.31
391 49.00
397 48.75
403 48.44
409 48.19
415 47.94
421 47.63
433 47.19
439 46.94
445 46.63
457 46.25
463 46.00
469 45.75
475 45.50
481 45.19
487 44.94
492 44.63
498 44.38
504 44.13
516 43.75
528 43.25
534 43.00
546 42.69
552 42.44
558 42.19
570 41.75
576 41.50
587 41.06
593 40.81
605 40.44
617 40.13
623 39.88
635 39.50
647 39.06
659 38.69
671 38.25
682 37.88
694 37.50
706 37.19
712 36.94
724 36.56
736 36.25
748 35.88
754 35.63
766 35.25
777 34.94
789 34.56
801 34.19
813 33.88
825 33.56
837 33.25
849 32.88
861 32.56
872 32.19
884 31.87
896 31.56
908 31.25
920 31.00
932 30.69
944 30.44
956 30.06
967 29.81
979 29.56
991 29.19
1003 28.94
1021 28.69
1033 28.44
1045 28.19
1057 27.87
1068 27.62
1080 27.31
1098 27.00
1110 26.69
1128 26.37
1140 26.12
1152 25.87
1169 25.62
1181 25.37
1193 25.12
1205 24.81
1223 24.50
1241 24.25
1253 24.00
1270 23.75
1288 23.44
1300 23.19
1318 22.87
1330 22.62
1342 22.31
1359 22.06
1377 21.81
1389 21.56
1407 21.25
1425 21.00
1443 20.69
1460 20.44
1478 20.12
1496 19.81
1514 19.50
1532 19.25
1549 19.00
1567 18.69
1585 18.44
1603 18.19
1621 17.94
1638 17.69
1656 17.44
1674 17.19
1692 16.94
1704 16.69
1722 16.44
1739 16.19
1757 15.94
1781 15.63
1799 15.38
1817 15.13
1834 14.88
1852 14.63
1876 14.38
1900 14.13
1918 13.88
1935 13.63
1959 13.38
1983 13.06
2007 12.81
2024 12.56
2048 12.25
2072 12.00
2096 11.75
2120 11.50
2143 11.25
2161 11.00
2185 10.75
2209 10.50
2232 10.25
2250 10.00
2280 9.75
2304 9.50
2327 9.25
2345 9.00
2375 8.69
2405 8.44
2428 8.19
2458 7.94
2482 7.69
2506 7.44
2529 7.19
2553 6.94
2583 6.69
2612 6.44
2636 6.13
2660 5.81
2678 5.56
2696 5.31
2719 5.06
2749 4.75
2779 4.50
2803 4.25
2826 4.00
2856 3.75
2886 3.50
2915 3.25
2951 3.00
2987 2.75
3034 2.50
3082 2.25
3141 2.00
3200 1.75
3266 1.50
3361 1.25
3438 1.00
3515 0.75
3581 0.50
3652 0.25
3711 0.00
-----------END---------
-----------END---------
0 77.62
5 77.06
11 76.62
17 76.19
23 75.81
29 75.12
35 73.87
41 73.19
47 72.69
53 72.06
59 71.62
65 71.06
71 70.56
77 69.87
83 69.25
89 68.87
95 68.37
100 67.94
106 67.37
112 66.87
118 66.56
124 66.06
130 65.56
136 64.94
142 64.56
148 64.25
154 63.75
160 63.25
166 62.88
172 62.56
178 62.06
184 61.81
190 61.50
196 61.19
201 60.81
207 60.38
213 60.06
219 59.81
225 59.56
231 59.13
237 58.81
249 58.38
255 57.94
261 57.63
267 57.38
273 57.13
279 56.81
291 56.44
296 56.06
302 55.81
308 55.50
320 55.06
326 54.75
332 54.50
338 54.06
350 53.69
362 53.31
368 53.06
374 52.81
380 52.56
386 52.31
397 51.88
403 51.63
409 51.38
415 51.13
421 50.75
433 50.50
445 50.06
451 49.75
457 49.50
469 49.19
481 48.75
487 48.50
492 48.25
504 47.88
516 47.50
528 47.19
540 46.75
552 46.38
564 46.00
570 45.75
582 45.38
593 45.00
605 44.63
617 44.31
623 44.06
635 43.69
647 43.31
659 42.94
671 42.56
688 42.25
694 42.00
706 41.69
718 41.31
724 41.06
736 40.69
748 40.31
760 40.06
766 39.81
777 39.44
789 39.19
801 38.88
813 38.56
825 38.25
837 37.94
849 37.69
861 37.44
867 37.19
878 36.88
890 36.63
902 36.38
914 36.13
926 35.88
932 35.63
950 35.31
962 35.06
967 34.81
979 34.44
997 34.13
1015 33.75
1027 33.50
1039 33.06
1051 32.81
1068 32.56
1080 32.25
1092 31.94
1110 31.62
1128 31.25
1140 31.00
1157 30.75
1175 30.44
1187 30.06
1199 29.81
1211 29.56
1229 29.31
1241 29.06
1252 28.81
1264 28.56
1282 28.25
1294 28.00
1312 27.69
1330 27.37
1347 27.06
1359 26.75
1377 26.50
1389 26.12
1413 25.75
1431 25.50
1454 25.19
1466 24.87
1484 24.62
1496 24.37
1514 24.06
1532 23.75
1543 23.50
1561 23.25
1585 23.00
1597 22.75
1615 22.50
1627 22.25
1644 22.00
1668 21.69
1686 21.37
1698 21.12
1710 20.81
1728 20.50
1751 20.19
1769 19.94
1787 19.69
1805 19.44
1817 19.19
1828 18.94
1852 18.62
1870 18.37
1888 18.06
1906 17.81
1918 17.56
1941 17.25
1959 17.00
1977 16.69
2001 16.37
2024 16.06
2042 15.81
2060 15.56
2078 15.31
2096 15.06
2119 14.81
2137 14.56
2155 14.25
2173 14.00
2197 13.69
2220 13.44
2238 13.19
2256 12.88
2274 12.63
2298 12.38
2315 12.13
2339 11.81
2363 11.50
2381 11.25
2399 11.00
2422 10.75
2440 10.50
2464 10.25
2488 10.00
2505 9.75
2529 9.50
2547 9.25
2571 9.00
2595 8.75
2612 8.50
2636 8.25
2654 8.00
2678 7.75
2696 7.50
2719 7.25
2743 7.00
2767 6.75
2791 6.50
2814 6.25
2838 6.00
2862 5.75
2886 5.50
2909 5.25
2933 5.00
2963 4.75
2987 4.50
3010 4.25
3034 4.00
3070 3.75
3093 3.50
3129 3.25
3165 3.00
3206 2.75
3260 2.50
3319 2.25
3385 2.00
3456 1.75
3545 1.50
3622 1.25
3693 1.00
3771 0.75
3854 0.50
3931 0.25
4002 0.00
-----------END---------
-----------END---------
0 79.62
5 78.87
11 78.37
17 77.81
23 77.19
29 76.44
35 75.50
41 74.62
47 73.56
53 72.81
59 72.12
65 71.50
71 70.94
77 70.25
83 69.69
89 69.12
95 68.37
100 67.62
106 67.19
112 66.69
118 66.00
124 65.44
130 64.87
136 64.50
142 64.06
148 63.69
154 63.19
160 62.69
166 62.19
172 61.75
178 61.19
184 60.69
190 60.31
195 59.94
201 59.50
207 59.13
213 58.69
219 58.25
225 57.81
231 57.38
237 56.88
243 56.50
249 56.19
255 55.75
261 55.38
267 55.13
273 54.81
279 54.50
285 54.06
291 53.81
296 53.44
302 53.06
308 52.75
314 52.50
320 52.13
326 51.69
332 51.44
338 51.00
344 50.69
350 50.38
356 50.13
362 49.88
368 49.50
374 49.25
380 48.81
386 48.56
397 48.25
403 47.94
409 47.63
415 47.38
427 46.81
433 46.56
439 46.25
445 45.94
451 45.69
463 45.25
469 44.94
475 44.69
481 44.44
487 44.13
492 43.88
498 43.63
504 43.25
516 42.81
522 42.56
534 42.13
540 41.81
552 41.38
564 41.00
570 40.75
576 40.44
582 40.19
587 39.94
593 39.69
605 39.38
617 39.00
623 38.69
635 38.25
641 38.00
653 37.63
665 37.31
671 36.94
682 36.56
694 36.25
706 35.94
712 35.63
724 35.31
730 35.00
742 34.75
748 34.50
760 34.19
766 33.94
777 33.50
795 33.19
801 32.94
807 32.69
819 32.38
831 32.13
843 31.87
849 31.62
861 31.19
867 30.94
878 30.62
890 30.37
902 30.06
914 29.75
920 29.50
932 29.25
944 29.00
956 28.69
967 28.31
979 28.00
991 27.69
1003 27.44
1021 27.12
1027 26.87
1045 26.44
1057 26.12
1068 25.87
1080 25.56
1092 25.31
1110 25.00
1122 24.75
1134 24.50
1140 24.25
1157 23.94
1163 23.62
1175 23.31
1187 23.06
1205 22.75
1217 22.44
1229 22.12
1247 21.81
1264 21.37
1276 21.00
1300 20.62
1312 20.37
1324 20.12
1336 19.87
1353 19.56
1365 19.31
1383 18.94
1401 18.62
1413 18.37
1431 18.00
1448 17.69
1466 17.44
1478 17.12
1526 17.37
1585 17.12
1615 16.87
1644 16.62
1674 16.37
1704 16.12
1728 15.88
1757 15.63
1787 15.38
1817 15.13
1846 14.88
1876 14.63
1900 14.38
1923 14.13
1953 13.88
1983 13.63
2013 13.38
2042 13.13
2072 12.88
2102 12.63
2137 12.38
2167 12.13
2197 11.88
2226 11.63
2262 11.38
2298 11.13
2333 10.88
2363 10.63
2405 10.38
2440 10.13
2476 9.88
2511 9.63
2553 9.38
2589 9.13
2630 8.88
2666 8.63
2707 8.38
2755 8.13
2796 7.88
2844 7.63
2886 7.38
2927 7.13
2975 6.88
3022 6.63
3070 6.38
3117 6.13
3171 5.88
3218 5.63
3266 5.38
3319 5.13
3367 4.88
3414 4.63
3444 4.38
3462 4.00
3479 3.69
3497 3.38
3515 3.13
3533 2.88
3551 2.63
3574 2.38
3598 2.13
3622 1.88
3652 1.63
3687 1.37
3723 1.12
3753 0.88
3818 0.63
3889 0.37
3978 0.12
3996 0.00
-----------END---------
-----------END---------
0 83.62
5 83.31
11 82.81
17 82.25
23 82.00
29 81.56
35 80.94
41 80.31
47 79.69
53 79.00
59 78.37
65 77.81
71 77.37
77 76.81
83 76.31
89 75.75
95 75.25
100 74.62
106 73.87
112 73.25
118 72.75
124 72.37
130 72.00
136 71.56
142 71.12
148 70.56
154 70.00
160 69.50
166 69.00
172 68.75
178 68.44
184 68.06
190 67.75
196 67.37
201 67.00
207 66.62
213 66.19
219 65.75
225 65.25
231 64.94
237 64.62
243 64.19
249 63.94
255 63.63
261 63.13
267 62.69
279 62.25
285 61.88
291 61.50
296 61.06
302 60.69
308 60.31
314 60.06
326 59.69
332 59.44
338 59.13
344 58.69
356 58.19
362 57.81
368 57.44
380 57.06
386 56.75
391 56.44
397 56.19
403 55.94
409 55.69
415 55.38
421 55.06
427 54.75
433 54.50
439 54.25
451 53.81
457 53.56
469 53.13
475 52.88
481 52.56
487 52.31
498 51.94
504 51.63
510 51.25
516 50.94
522 50.44
528 50.06
534 49.81
540 49.44
546 49.00
552 48.63
558 48.25
564 48.00
570 47.63
576 47.19
582 46.81
587 46.56
593 46.31
599 45.94
605 45.50
611 45.25
617 44.94
623 44.69
629 44.44
635 44.19
641 43.94
647 43.56
653 43.19
665 42.75
677 42.25
682 42.00
688 41.75
694 41.50
700 41.25
706 41.00
712 40.69
718 40.44
730 40.06
736 39.69
742 39.44
748 39.19
754 38.88
766 38.56
772 38.31
778 38.00
783 37.75
795 37.31
807 36.81
819 36.50
831 36.13
837 35.88
849 35.44
855 35.19
861 34.94
873 34.63
884 34.31
896 33.94
908 33.50
920 33.25
932 32.94
938 32.69
944 32.44
956 32.13
968 31.75
979 31.44
991 31.06
1003 30.75
1015 30.50
1027 30.19
1039 29.81
1051 29.44
1063 29.12
1074 28.81
1086 28.50
1098 28.19
1110 27.81
1122 27.50
1134 27.25
1146 26.94
1158 26.62
1169 26.25
1181 25.94
1193 25.62
1205 25.31
1217 25.06
1229 24.75
1241 24.50
1253 24.19
1264 23.87
1276 23.62
1288 23.31
1300 23.06
1312 22.81
1324 22.56
1336 22.31
1348 22.06
1359 21.75
1377 21.44
1389 21.19
1401 20.94
1413 20.69
1431 20.37
1443 20.12
1454 19.87
1466 19.62
1478 19.37
1496 19.06
1508 18.81
1526 18.50
1544 18.19
1555 17.94
1573 17.62
1591 17.31
1603 17.06
1621 16.81
1633 16.56
1650 16.31
1668 16.00
1686 15.69
1704 15.44
1716 15.19
1734 14.94
1751 14.63
1769 14.38
1787 14.13
1805 13.81
1823 13.56
1840 13.31
1858 13.00
1876 12.75
1894 12.50
1912 12.25
1930 12.00
1947 11.75
1965 11.44
1983 11.19
2001 10.94
2019 10.69
2042 10.38
2060 10.13
2084 9.81
2108 9.56
2125 9.25
2149 9.00
2167 8.75
2185 8.50
2209 8.25
2226 8.00
2250 7.75
2268 7.50
2292 7.25
2310 7.00
2333 6.75
2351 6.50
2375 6.25
2393 6.00
2416 5.75
2440 5.44
2464 5.19
2488 4.88
2512 4.63
2535 4.38
2559 4.13
2583 3.88
2607 3.63
2630 3.38
2654 3.13
2678 2.88
2708 2.56
2737 2.31
2767 2.06
2797 1.81
2832 1.56
2868 1.31
2909 1.06
2951 0.81
3004 0.56
3058 0.31
3111 0.00
-----------END---------
-----------END---------
0 88.81
5 88.12
11 87.81
17 87.19
23 86.44
29 85.25
35 84.31
41 83.44
47 82.37
53 81.62
59 80.87
65 80.12
71 79.44
77 78.81
83 78.19
89 77.81
95 77.25
100 76.62
106 76.00
112 75.37
118 74.87
124 74.44
130 73.81
136 73.12
142 72.50
148 72.00
154 71.56
160 71.00
166 70.56
172 70.19
178 69.50
184 68.81
190 68.44
196 68.00
201 67.50
207 67.06
213 66.69
219 66.31
225 65.69
231 65.25
237 64.87
243 64.44
249 64.00
255 63.69
261 63.25
267 62.75
273 62.44
279 62.06
285 61.63
291 61.19
296 60.81
302 60.56
308 60.19
314 59.81
326 59.31
332 58.81
338 58.38
350 57.81
362 57.31
368 56.88
374 56.44
380 56.13
386 55.88
391 55.44
397 55.13
403 54.81
415 54.25
427 53.75
433 53.44
439 53.13
445 52.88
451 52.50
463 52.00
475 51.44
481 51.19
487 50.94
492 50.69
498 50.38
510 49.94
516 49.69
522 49.38
534 48.94
540 48.56
552 48.19
558 47.94
570 47.56
582 47.06
587 46.81
593 46.56
605 46.19
611 45.94
623 45.44
629 45.13
641 44.63
647 44.38
659 44.13
665 43.75
677 43.44
682 43.19
688 42.94
700 42.56
712 42.19
724 41.81
730 41.56
742 41.19
754 40.88
766 40.44
777 40.13
789 39.81
801 39.50
813 39.06
825 38.69
837 38.31
849 38.00
861 37.69
872 37.44
878 37.19
890 36.94
902 36.56
914 36.25
926 35.81
938 35.50
950 35.19
962 34.88
973 34.56
985 34.31
997 33.94
1009 33.69
1015 33.44
1033 33.13
1039 32.88
1051 32.56
1062 32.31
1074 32.06
1086 31.81
1098 31.50
1110 31.25
1122 30.94
1134 30.62
1146 30.25
1163 29.94
1175 29.69
1187 29.37
1199 29.12
1211 28.87
1223 28.62
1235 28.31
1247 28.06
1264 27.69
1276 27.44
1294 27.12
1306 26.87
1318 26.62
1330 26.37
1348 26.06
1359 25.81
1371 25.56
1389 25.25
1401 25.00
1413 24.75
1425 24.50
1443 24.19
1460 23.87
1472 23.62
1490 23.31
1502 23.06
1520 22.75
1538 22.44
1555 22.19
1567 21.94
1585 21.62
1603 21.31
1621 21.00
1638 20.69
1656 20.44
1674 20.12
1692 19.87
1710 19.56
1728 19.25
1745 19.00
1763 18.69
1781 18.37
1799 18.12
1817 17.87
1834 17.56
1852 17.31
1876 17.00
1894 16.75
1912 16.50
1929 16.25
1947 16.00
1965 15.75
1983 15.50
2007 15.25
2025 15.00
2042 14.75
2066 14.44
2090 14.19
2108 13.94
2125 13.69
2149 13.44
2167 13.19
2191 12.88
2215 12.63
2238 12.38
2256 12.13
2280 11.88
2304 11.56
2327 11.31
2345 11.06
2369 10.81
2393 10.56
2416 10.31
2440 10.06
2464 9.81
2488 9.56
2506 9.31
2529 9.06
2553 8.81
2583 8.50
2612 8.25
2636 8.00
2660 7.75
2684 7.50
2707 7.25
2737 7.00
2773 6.75
2803 6.50
2832 6.25
2868 6.00
2898 5.75
2927 5.50
2957 5.25
2993 5.00
3028 4.75
3058 4.50
3094 4.25
3129 4.00
3165 3.75
3200 3.50
3242 3.25
3278 3.00
3325 2.75
3379 2.50
3444 2.25
3509 2.00
3592 1.75
3693 1.50
3777 1.25
3860 1.00
3937 0.75
4020 0.50
4115 0.25
4198 0.00
-----------END---------
-----------END---------
