0 17.94
6 17.69
12 17.44
18 17.19
24 16.94
36 16.62
48 16.25
66 15.88
77 15.50
89 15.25
107 15.00
119 14.75
131 14.50
143 14.25
155 14.00
172 13.75
190 13.50
202 13.25
220 12.94
238 12.63
256 12.31
279 12.00
297 11.75
315 11.50
333 11.19
351 10.94
374 10.69
392 10.38
416 10.13
434 9.88
452 9.56
469 9.31
487 9.06
517 8.81
535 8.56
547 8.31
576 8.06
594 7.81
618 7.50
636 7.25
660 7.00
683 6.75
707 6.50
725 6.25
749 6.00
772 5.75
796 5.50
820 5.25
844 5.00
867 4.75
891 4.50
915 4.25
939 4.00
962 3.75
986 3.50
1010 3.25
1034 3.00
1063 2.75
1081 2.50
1105 2.25
1129 2.00
1153 1.69
1182 1.44
1230 1.19
1277 0.94
1349 0.69
1420 0.44
1473 0.19
1497 0.00
-----------END---------
-----------END---------
0 20.81
65 20.56
83 20.31
95 20.06
107 19.81
119 19.56
137 19.25
155 19.00
172 18.75
184 18.50
202 18.25
220 18.00
238 17.75
256 17.50
273 17.25
291 17.00
309 16.75
327 16.50
345 16.25
362 16.00
386 15.75
404 15.50
428 15.19
452 14.88
475 14.63
499 14.38
517 14.13
541 13.88
564 13.56
588 13.31
612 13.06
630 12.81
653 12.56
677 12.25
701 12.00
725 11.75
748 11.50
772 11.25
796 11.00
814 10.75
838 10.50
861 10.25
885 10.00
909 9.75
939 9.50
962 9.25
986 9.00
1016 8.75
1040 8.50
1063 8.25
1087 8.00
1117 7.75
1141 7.50
1170 7.25
1194 7.00
1218 6.75
1247 6.50
1277 6.25
1301 6.00
1331 5.75
1360 5.50
1384 5.25
1420 5.00
1443 4.75
1467 4.50
1497 4.25
1527 4.00
1556 3.75
1586 3.50
1616 3.25
1645 3.00
1687 2.75
1734 2.50
1782 2.25
1835 2.00
1895 1.75
2026 1.50
2121 1.25
2216 1.00
2287 0.75
2370 0.50
2465 0.25
2536 0.00
-----------END---------
-----------END---------
0 40.88
18 40.63
30 40.31
42 39.94
54 39.63
65 39.25
77 38.88
83 38.63
95 38.25
107 37.88
119 37.56
125 37.31
137 36.94
149 36.63
161 36.25
172 35.88
184 35.50
196 35.25
208 34.88
220 34.56
232 34.25
244 33.94
256 33.63
267 33.25
279 32.94
291 32.63
303 32.31
315 32.06
327 31.75
339 31.44
351 31.19
362 30.87
374 30.62
386 30.31
398 30.06
410 29.81
422 29.56
434 29.25
446 29.00
457 28.75
469 28.50
481 28.25
493 28.00
505 27.75
517 27.50
529 27.19
541 26.94
558 26.62
570 26.31
582 26.06
600 25.75
612 25.50
624 25.25
636 25.00
647 24.75
665 24.44
677 24.19
689 23.94
707 23.69
719 23.44
737 23.12
748 22.87
760 22.62
778 22.31
790 22.06
808 21.75
826 21.44
843 21.19
861 20.87
879 20.56
897 20.25
915 19.94
933 19.69
950 19.37
968 19.12
980 18.87
998 18.62
1016 18.31
1033 18.06
1051 17.81
1069 17.50
1087 17.25
1105 17.00
1123 16.69
1140 16.44
1158 16.19
1176 15.94
1194 15.69
1212 15.44
1229 15.19
1247 14.94
1271 14.63
1289 14.38
1313 14.06
1336 13.75
1360 13.50
1378 13.25
1396 13.00
1420 12.69
1443 12.44
1461 12.19
1485 11.88
1509 11.63
1532 11.31
1556 11.06
1580 10.81
1598 10.56
1621 10.31
1645 10.06
1669 9.81
1693 9.56
1711 9.31
1734 9.06
1758 8.81
1782 8.56
1812 8.25
1841 8.00
1865 7.75
1889 7.50
1913 7.25
1936 7.00
1960 6.75
1990 6.50
2019 6.25
2043 6.00
2067 5.75
2097 5.50
2126 5.25
2156 5.00
2180 4.75
2210 4.50
2239 4.25
2269 4.00
2293 3.75
2328 3.50
2358 3.25
2388 3.00
2423 2.75
2465 2.50
2524 2.25
2578 2.00
2619 1.75
2679 1.50
2744 1.25
2804 1.00
2863 0.75
2934 0.50
3005 0.25
3065 0.00
-----------END---------
-----------END---------
0 50.88
6 50.63
18 50.13
24 49.88
30 49.56
36 49.25
42 49.00
54 48.50
60 48.25
65 48.00
77 47.56
83 47.25
89 47.00
95 46.75
101 46.50
113 46.13
125 45.75
131 45.50
137 45.25
149 44.88
155 44.63
161 44.38
172 43.94
184 43.56
196 43.19
208 42.75
214 42.50
226 42.13
238 41.69
244 41.44
256 41.19
267 40.81
279 40.38
285 40.13
297 39.81
309 39.44
321 39.13
333 38.81
339 38.56
351 38.25
362 37.81
374 37.50
386 37.13
398 36.81
410 36.44
422 36.06
434 35.75
446 35.38
457 35.06
469 34.81
481 34.44
493 34.13
505 33.81
517 33.50
529 33.19
541 32.94
552 32.63
564 32.31
576 32.00
588 31.75
600 31.50
612 31.25
624 30.87
636 30.62
647 30.37
665 30.06
677 29.75
689 29.50
701 29.19
713 28.94
725 28.62
737 28.37
754 28.06
766 27.81
778 27.50
796 27.19
808 26.87
826 26.56
843 26.31
855 26.00
867 25.75
879 25.50
897 25.25
909 25.00
921 24.75
938 24.44
950 24.19
968 23.94
980 23.62
1004 23.31
1016 23.06
1033 22.75
1045 22.50
1063 22.25
1081 22.00
1093 21.75
1111 21.44
1128 21.12
1146 20.87
1164 20.56
1176 20.31
1194 20.06
1212 19.81
1229 19.56
1247 19.31
1259 19.06
1277 18.75
1295 18.50
1313 18.25
1336 17.94
1354 17.69
1366 17.44
1384 17.19
1408 16.94
1425 16.69
1443 16.44
1461 16.12
1479 15.88
1497 15.63
1520 15.38
1538 15.13
1556 14.81
1574 14.50
1610 14.19
1627 13.94
1651 13.69
1675 13.38
1693 13.13
1716 12.88
1740 12.63
1758 12.38
1788 12.13
1806 11.88
1823 11.63
1847 11.38
1865 11.13
1883 10.88
1906 10.63
1936 10.38
1960 10.13
1984 9.88
2013 9.56
2037 9.31
2061 9.06
2085 8.81
2114 8.56
2144 8.31
2168 8.06
2192 7.81
2221 7.56
2251 7.25
2281 7.00
2304 6.75
2328 6.50
2352 6.25
2382 6.00
2405 5.75
2435 5.50
2465 5.25
2489 5.00
2518 4.75
2548 4.50
2578 4.25
2613 4.00
2643 3.75
2673 3.50
2708 3.25
2744 3.00
2786 2.75
2833 2.50
2892 2.25
2958 2.00
3011 1.75
3065 1.50
3118 1.25
3178 1.00
3243 0.75
3314 0.50
3391 0.25
3445 0.00
-----------END---------
-----------END---------
0 11.38
18 11.13
36 10.81
48 10.56
60 10.25
77 10.00
95 9.75
107 9.50
125 9.19
143 8.94
155 8.69
166 8.38
190 8.06
220 7.81
256 7.50
279 7.25
291 6.94
309 6.69
363 6.44
380 6.13
416 5.88
446 5.63
469 5.38
487 5.06
535 4.81
559 4.50
600 4.25
624 4.00
642 3.75
683 3.50
713 3.25
743 3.00
772 2.75
802 2.50
838 2.25
873 2.00
939 1.75
1004 1.50
1093 1.25
1176 1.00
1254 0.75
1325 0.50
1408 0.25
1473 0.00
-----------END---------
-----------END---------
0 16.12
36 15.81
54 15.56
71 15.31
89 15.06
113 14.81
131 14.56
149 14.31
166 14.06
190 13.81
214 13.56
238 13.31
256 13.06
285 12.81
315 12.50
339 12.25
362 12.00
392 11.75
416 11.50
440 11.25
469 11.00
493 10.75
523 10.50
547 10.25
576 10.00
606 9.75
636 9.50
659 9.25
689 9.00
719 8.75
743 8.50
772 8.25
808 8.00
832 7.75
861 7.50
897 7.25
927 7.00
956 6.75
992 6.50
1022 6.25
1057 6.00
1087 5.75
1123 5.50
1158 5.25
1182 5.00
1212 4.75
1236 4.50
1277 4.25
1313 4.00
1343 3.75
1384 3.50
1426 3.25
1497 3.00
1580 2.75
1675 2.50
1764 2.25
1841 2.00
1919 1.75
1996 1.50
2067 1.25
2144 1.00
2222 0.75
2299 0.50
2382 0.25
2447 0.00
-----------END---------
-----------END---------
0 30.25
24 29.94
36 29.69
42 29.44
48 29.19
60 28.87
71 28.50
83 28.12
95 27.75
107 27.50
119 27.19
131 26.87
143 26.62
155 26.37
172 26.06
184 25.81
196 25.50
208 25.25
220 25.00
238 24.75
250 24.50
261 24.25
273 24.00
291 23.75
309 23.44
321 23.19
339 22.94
351 22.69
362 22.44
374 22.19
398 21.81
416 21.56
434 21.19
446 20.94
469 20.69
475 20.44
499 20.19
517 19.87
535 19.56
552 19.25
582 19.00
594 18.69
612 18.44
624 18.19
642 17.94
671 17.69
689 17.44
701 17.19
719 16.87
743 16.56
754 16.25
784 15.94
808 15.69
826 15.44
843 15.19
873 14.88
891 14.63
921 14.31
939 14.06
956 13.81
986 13.50
1016 13.19
1028 12.94
1045 12.69
1081 12.44
1117 12.19
1135 11.94
1152 11.63
1176 11.31
1200 11.00
1230 10.75
1253 10.50
1271 10.19
1289 9.94
1325 9.69
1354 9.44
1384 9.19
1414 8.94
1443 8.63
1461 8.38
1485 8.13
1515 7.88
1556 7.63
1568 7.38
1604 7.06
1633 6.81
1669 6.56
1699 6.31
1729 6.06
1752 5.81
1782 5.56
1806 5.31
1835 5.06
1871 4.81
1895 4.56
1925 4.31
1948 4.06
1978 3.81
2008 3.56
2037 3.31
2073 3.06
2115 2.81
2156 2.56
2216 2.31
2275 2.06
2358 1.81
2441 1.56
2501 1.31
2560 1.06
2620 0.81
2691 0.56
2768 0.31
2839 0.00
-----------END---------
-----------END---------
0 39.38
30 39.06
42 38.69
54 38.44
65 38.13
77 37.81
89 37.50
101 37.25
113 36.81
125 36.56
137 36.31
149 35.88
166 35.50
178 35.19
190 34.94
202 34.69
214 34.31
226 34.00
244 33.69
256 33.44
267 33.13
279 32.88
291 32.56
303 32.25
315 32.00
327 31.75
339 31.50
351 31.25
362 31.00
374 30.75
386 30.44
398 30.12
410 29.87
422 29.56
440 29.25
457 29.00
469 28.62
487 28.37
505 28.06
517 27.75
535 27.44
552 27.12
570 26.81
582 26.56
600 26.25
618 25.94
636 25.62
653 25.31
665 25.06
683 24.81
701 24.56
719 24.25
731 24.00
748 23.69
766 23.44
784 23.12
802 22.87
814 22.62
832 22.37
849 22.12
861 21.87
885 21.56
903 21.25
915 21.00
938 20.75
956 20.50
968 20.25
986 20.00
1004 19.75
1022 19.50
1039 19.19
1063 18.87
1081 18.62
1105 18.37
1123 18.12
1146 17.81
1164 17.56
1188 17.31
1206 17.06
1224 16.81
1241 16.56
1259 16.31
1277 16.06
1307 15.75
1330 15.50
1354 15.25
1372 15.00
1390 14.75
1408 14.50
1431 14.25
1455 14.00
1473 13.75
1497 13.50
1515 13.25
1538 13.00
1568 12.75
1592 12.50
1616 12.25
1639 12.00
1657 11.75
1687 11.50
1705 11.25
1728 11.00
1758 10.75
1782 10.50
1806 10.25
1829 10.00
1853 9.75
1883 9.50
1907 9.25
1936 9.00
1960 8.75
1996 8.50
2019 8.25
2049 8.00
2079 7.75
2103 7.50
2132 7.25
2156 7.00
2192 6.75
2215 6.50
2251 6.25
2281 6.00
2311 5.75
2340 5.50
2370 5.25
2406 5.00
2435 4.75
2471 4.50
2507 4.25
2542 4.00
2584 3.75
2619 3.50
2667 3.25
2720 3.00
2786 2.75
2851 2.50
2916 2.25
2988 2.00
3065 1.75
3136 1.50
3202 1.25
3273 1.00
3338 0.75
3409 0.50
3487 0.25
3546 0.00
-----------END---------
-----------END---------
0 43.25
6 43.56
12 43.81
48 43.50
60 43.13
71 42.75
83 42.44
95 42.19
107 41.88
119 41.56
137 41.25
149 41.00
160 40.75
172 40.50
190 40.19
208 39.81
226 39.50
238 39.25
256 38.94
273 38.63
285 38.38
303 38.06
315 37.81
327 37.56
345 37.31
356 37.06
374 36.81
386 36.56
398 36.31
416 36.06
434 35.75
451 35.44
469 35.13
487 34.88
505 34.63
523 34.38
535 34.13
552 33.88
570 33.56
588 33.31
606 33.06
624 32.81
641 32.56
659 32.25
677 32.00
695 31.75
713 31.44
731 31.19
748 30.94
766 30.69
784 30.44
802 30.19
826 29.94
843 29.69
861 29.44
879 29.19
903 28.87
927 28.62
944 28.37
962 28.12
986 27.87
1004 27.62
1027 27.37
1045 27.12
1063 26.87
1087 26.62
1111 26.31
1134 26.06
1158 25.75
1188 25.44
1212 25.19
1235 24.94
1259 24.62
1277 24.31
1289 24.06
1301 23.75
1313 23.50
1330 23.25
1348 23.00
1366 22.69
1390 22.37
1408 22.00
1425 21.75
1449 21.44
1467 21.19
1491 20.87
1514 20.62
1532 20.37
1550 20.12
1562 19.87
1580 19.62
1604 19.37
1621 19.12
1645 18.87
1663 18.62
1687 18.31
1704 18.06
1722 17.81
1740 17.56
1770 17.31
1788 17.06
1805 16.81
1823 16.56
1841 16.31
1871 16.06
1889 15.81
1912 15.56
1936 15.31
1954 15.06
1972 14.81
1990 14.56
2019 14.31
2037 14.06
2061 13.81
2091 13.56
2108 13.31
2132 13.00
2162 12.75
2186 12.50
2209 12.25
2233 12.00
2257 11.75
2281 11.50
2298 11.25
2328 11.00
2352 10.75
2382 10.44
2411 10.19
2441 9.94
2465 9.69
2488 9.38
2524 9.13
2548 8.88
2566 8.63
2595 8.38
2625 8.13
2655 7.88
2679 7.63
2708 7.38
2732 7.13
2756 6.88
2785 6.63
2809 6.38
2851 6.13
2880 5.88
2910 5.63
2934 5.38
2964 5.13
2993 4.88
3029 4.63
3065 4.38
3100 4.13
3130 3.88
3160 3.63
3189 3.38
3231 3.13
3272 2.88
3314 2.63
3362 2.38
3415 2.13
3474 1.88
3540 1.63
3623 1.37
3760 1.12
3849 0.88
3938 0.63
4033 0.37
4128 0.12
4152 0.00
-----------END---------
-----------END---------
0 54.63
30 54.25
42 53.94
48 53.69
54 53.25
60 52.75
65 52.31
71 52.06
77 51.75
83 51.50
89 51.19
95 50.94
101 50.56
107 50.25
113 50.00
119 49.75
125 49.50
131 49.25
137 49.00
143 48.75
149 48.50
155 48.25
161 48.00
166 47.75
172 47.50
184 47.13
196 46.75
202 46.44
208 46.19
214 45.94
220 45.69
226 45.44
232 45.13
238 44.88
244 44.63
256 44.19
267 43.81
279 43.44
291 43.06
303 42.63
315 42.13
327 41.75
339 41.38
351 41.00
356 40.75
368 40.38
380 39.94
392 39.56
404 39.19
416 38.75
428 38.38
440 38.00
451 37.63
463 37.25
469 37.00
481 36.63
493 36.38
505 36.06
517 35.75
523 35.50
529 35.25
541 34.94
552 34.69
564 34.31
576 34.00
588 33.69
600 33.38
612 33.06
624 32.75
636 32.44
647 32.13
659 31.75
671 31.50
683 31.25
695 30.94
707 30.62
719 30.25
731 30.00
742 29.69
760 29.31
772 29.00
784 28.69
796 28.44
814 28.06
826 27.81
837 27.56
849 27.25
861 27.00
879 26.69
891 26.37
903 26.06
915 25.81
927 25.56
944 25.31
956 25.00
968 24.75
980 24.50
992 24.25
1004 23.94
1016 23.69
1033 23.37
1045 23.12
1069 22.75
1081 22.50
1093 22.25
1111 21.94
1128 21.62
1140 21.37
1158 21.12
1170 20.81
1188 20.56
1200 20.31
1212 20.06
1229 19.81
1247 19.50
1265 19.25
1277 19.00
1289 18.75
1307 18.50
1324 18.25
1342 17.94
1360 17.62
1378 17.37
1396 17.06
1414 16.81
1431 16.56
1449 16.31
1467 16.06
1479 15.81
1497 15.56
1514 15.31
1532 15.06
1550 14.81
1562 14.56
1586 14.31
1609 14.00
1627 13.69
1651 13.44
1675 13.19
1693 12.88
1716 12.63
1740 12.38
1758 12.13
1776 11.81
1800 11.56
1817 11.31
1841 11.00
1865 10.75
1883 10.50
1906 10.25
1930 10.00
1960 9.69
1984 9.44
2007 9.19
2025 8.94
2055 8.69
2079 8.44
2102 8.13
2126 7.88
2150 7.63
2174 7.38
2197 7.13
2215 6.88
2245 6.63
2275 6.38
2298 6.13
2316 5.88
2346 5.63
2376 5.38
2393 5.13
2423 4.88
2465 4.63
2494 4.38
2518 4.13
2548 3.88
2566 3.56
2595 3.31
2637 3.06
2679 2.81
2732 2.56
2791 2.31
2857 2.06
2922 1.81
2987 1.56
3082 1.31
3172 1.06
3249 0.81
3320 0.56
3397 0.31
3469 0.00
-----------END---------
-----------END---------
0 59.13
11 59.44
35 59.13
47 58.88
53 58.63
59 58.31
65 57.88
71 57.56
77 57.25
83 57.00
89 56.75
95 56.50
100 56.25
112 55.81
118 55.50
130 55.13
136 54.88
148 54.50
154 54.25
160 54.00
166 53.75
178 53.31
190 52.94
201 52.56
213 52.19
219 51.94
225 51.69
231 51.44
237 51.19
243 50.94
255 50.63
267 50.25
279 49.94
285 49.69
296 49.25
308 48.88
320 48.56
332 48.25
344 47.88
356 47.50
368 47.19
380 46.81
391 46.38
403 46.06
415 45.81
427 45.50
433 45.25
445 44.88
457 44.63
469 44.31
481 44.06
492 43.69
504 43.44
516 43.13
528 42.81
540 42.38
546 42.13
552 41.88
564 41.50
576 41.13
587 40.75
593 40.50
605 40.19
611 39.94
623 39.63
635 39.31
641 39.06
647 38.81
659 38.44
671 38.13
676 37.88
688 37.56
700 37.13
712 36.75
724 36.50
736 36.19
748 35.81
760 35.56
771 35.19
783 34.81
795 34.44
807 34.13
819 33.88
831 33.50
843 33.25
855 33.00
866 32.63
878 32.31
890 32.00
908 31.62
920 31.25
932 31.00
944 30.75
956 30.50
967 30.19
979 29.81
991 29.56
1003 29.31
1015 29.06
1027 28.69
1039 28.44
1057 28.19
1068 27.81
1080 27.56
1092 27.31
1104 27.06
1116 26.81
1128 26.56
1140 26.31
1152 26.06
1163 25.75
1181 25.50
1199 25.12
1211 24.87
1223 24.56
1235 24.25
1252 24.00
1270 23.69
1282 23.44
1300 23.12
1318 22.87
1330 22.62
1348 22.37
1365 22.00
1383 21.69
1401 21.37
1419 21.12
1431 20.87
1448 20.56
1466 20.25
1484 20.00
1496 19.75
1514 19.44
1538 19.12
1549 18.87
1567 18.62
1591 18.31
1609 18.06
1621 17.81
1639 17.56
1656 17.31
1674 17.06
1692 16.75
1716 16.50
1728 16.25
1751 15.94
1769 15.69
1787 15.44
1811 15.19
1829 14.88
1846 14.63
1864 14.38
1882 14.13
1906 13.88
1924 13.63
1947 13.38
1959 13.13
1983 12.88
2007 12.63
2025 12.38
2042 12.13
2066 11.88
2084 11.63
2108 11.38
2131 11.13
2155 10.81
2179 10.56
2197 10.31
2215 10.06
2238 9.81
2256 9.56
2292 9.31
2316 9.06
2339 8.81
2357 8.56
2381 8.31
2399 8.06
2417 7.81
2452 7.56
2488 7.31
2506 7.06
2529 6.81
2565 6.56
2589 6.31
2619 6.06
2636 5.81
2672 5.56
2696 5.31
2731 5.00
2767 4.75
2791 4.50
2815 4.25
2838 4.00
2868 3.75
2898 3.50
2939 3.25
2975 3.00
3016 2.75
3064 2.50
3117 2.25
3171 2.00
3242 1.75
3308 1.50
3409 1.25
3504 1.00
3581 0.75
3658 0.50
3735 0.25
3795 0.00
-----------END---------
-----------END---------
0 62.31
11 62.06
23 61.63
29 61.13
35 60.75
41 60.44
47 60.13
53 59.75
59 59.31
65 59.00
71 58.69
77 58.38
83 58.00
89 57.63
95 57.31
100 57.00
106 56.63
112 56.31
118 56.00
124 55.69
130 55.44
136 55.06
142 54.75
148 54.44
154 54.19
160 53.88
166 53.56
172 53.25
178 52.94
184 52.69
190 52.38
195 52.06
201 51.81
207 51.50
213 51.25
219 51.00
225 50.75
231 50.44
237 50.19
243 49.94
249 49.69
255 49.38
261 49.13
267 48.88
273 48.63
279 48.38
285 48.13
291 47.88
302 47.44
308 47.19
314 46.94
320 46.69
326 46.44
338 46.00
350 45.50
362 45.06
374 44.63
380 44.38
391 44.00
403 43.56
409 43.31
421 42.94
433 42.50
445 42.13
451 41.88
463 41.50
475 41.06
486 40.75
498 40.38
510 40.00
522 39.63
534 39.25
546 38.88
558 38.50
570 38.19
582 37.81
593 37.44
605 37.13
617 36.75
629 36.44
641 36.13
653 35.81
665 35.44
677 35.13
688 34.81
700 34.50
712 34.19
724 33.88
736 33.56
748 33.25
760 32.94
772 32.63
783 32.31
795 32.06
807 31.75
819 31.44
831 31.12
843 30.87
855 30.62
867 30.31
878 30.00
890 29.75
902 29.50
914 29.19
926 28.94
938 28.69
950 28.44
962 28.12
973 27.87
985 27.62
997 27.37
1009 27.12
1021 26.87
1033 26.62
1045 26.37
1057 26.12
1068 25.87
1080 25.62
1092 25.37
1104 25.12
1122 24.81
1134 24.56
1146 24.31
1163 24.00
1175 23.75
1187 23.50
1205 23.19
1223 22.87
1241 22.56
1253 22.31
1270 22.00
1288 21.69
1306 21.37
1324 21.06
1342 20.75
1359 20.44
1377 20.12
1395 19.87
1407 19.62
1425 19.31
1443 19.06
1460 18.75
1478 18.50
1496 18.19
1514 17.94
1532 17.62
1549 17.37
1567 17.06
1585 16.81
1603 16.56
1621 16.31
1639 16.00
1656 15.75
1674 15.50
1692 15.25
1710 15.00
1728 14.75
1751 14.50
1769 14.25
1787 14.00
1805 13.75
1829 13.50
1846 13.25
1864 13.00
1888 12.69
1912 12.44
1930 12.19
1947 11.94
1971 11.69
1989 11.44
2013 11.19
2030 10.94
2054 10.63
2078 10.38
2102 10.06
2126 9.81
2149 9.50
2173 9.25
2197 9.00
2221 8.75
2244 8.44
2268 8.19
2292 7.94
2316 7.69
2339 7.44
2363 7.19
2387 6.94
2411 6.69
2434 6.44
2464 6.19
2494 5.94
2529 5.69
2565 5.44
2607 5.19
2654 4.94
2696 4.69
2743 4.44
2791 4.19
2838 3.94
2886 3.69
2939 3.44
2993 3.19
3058 2.94
3123 2.69
3201 2.44
3284 2.19
3420 1.94
3539 1.69
3634 1.44
3723 1.19
3806 0.94
3884 0.69
3961 0.44
4038 0.19
4080 0.00
-----------END---------
-----------END---------
0 72.62
5 72.31
17 71.81
23 71.50
29 71.12
35 70.69
41 70.25
47 69.87
53 69.44
59 69.00
65 68.62
71 68.25
77 67.81
83 67.44
89 67.12
95 66.75
100 66.37
106 66.00
112 65.62
118 65.25
124 64.94
130 64.62
136 64.25
142 63.88
148 63.50
154 63.13
160 62.75
166 62.38
172 61.94
178 61.56
184 61.19
190 60.75
195 60.44
201 60.06
207 59.69
213 59.19
219 58.69
225 58.25
231 58.00
237 57.69
243 57.38
249 57.06
255 56.69
261 56.19
267 55.75
273 55.50
285 55.06
291 54.75
296 54.38
302 54.00
308 53.69
314 53.38
320 53.06
326 52.75
332 52.44
338 52.13
344 51.81
350 51.56
356 51.31
362 51.06
368 50.75
374 50.44
380 50.13
386 49.88
391 49.63
397 49.31
403 49.06
409 48.75
415 48.50
421 48.19
427 47.94
433 47.63
445 47.19
451 46.94
457 46.69
463 46.44
469 46.19
475 45.94
481 45.69
487 45.44
492 45.19
498 44.94
510 44.50
516 44.19
522 43.94
534 43.50
546 43.06
552 42.81
564 42.44
570 42.19
582 41.75
593 41.31
605 40.88
617 40.44
629 40.06
641 39.63
647 39.38
659 39.00
671 38.63
682 38.25
694 37.88
700 37.63
712 37.25
724 36.88
736 36.50
748 36.13
760 35.75
772 35.38
783 35.00
795 34.69
807 34.31
819 34.00
831 33.63
843 33.31
855 32.94
867 32.63
878 32.31
890 31.94
902 31.62
914 31.31
926 31.00
938 30.75
950 30.44
962 30.19
973 29.87
985 29.56
997 29.25
1009 29.00
1021 28.69
1033 28.44
1045 28.19
1057 27.87
1068 27.56
1080 27.31
1098 27.00
1110 26.69
1122 26.44
1134 26.19
1146 25.94
1157 25.69
1169 25.37
1187 25.06
1199 24.81
1211 24.56
1223 24.31
1235 24.06
1253 23.75
1264 23.50
1276 23.25
1288 23.00
1306 22.69
1318 22.44
1336 22.12
1353 21.81
1371 21.50
1389 21.19
1401 20.94
1413 20.69
1431 20.44
1443 20.19
1460 19.87
1478 19.56
1496 19.25
1514 19.00
1532 18.69
1549 18.37
1567 18.12
1585 17.81
1603 17.56
1621 17.25
1638 17.00
1656 16.75
1674 16.44
1692 16.19
1710 15.88
1728 15.63
1745 15.38
1763 15.13
1781 14.88
1799 14.63
1817 14.38
1834 14.06
1858 13.75
1882 13.44
1900 13.19
1924 12.94
1941 12.69
1959 12.44
1983 12.13
2007 11.81
2030 11.56
2048 11.31
2066 11.06
2090 10.81
2114 10.56
2131 10.31
2155 10.00
2179 9.75
2203 9.50
2220 9.25
2244 9.00
2268 8.75
2292 8.50
2316 8.25
2339 8.00
2363 7.75
2381 7.50
2411 7.25
2434 7.00
2458 6.75
2482 6.50
2506 6.25
2529 6.00
2553 5.75
2583 5.50
2607 5.25
2630 5.00
2660 4.75
2690 4.50
2719 4.25
2749 4.00
2779 3.75
2814 3.50
2850 3.25
2886 3.00
2921 2.75
2957 2.50
2999 2.25
3046 2.00
3094 1.75
3153 1.50
3224 1.25
3296 1.00
3367 0.75
3438 0.50
3521 0.25
3581 0.00
-----------END---------
-----------END---------
0 77.81
5 77.44
11 77.00
17 76.69
23 76.25
29 75.62
35 74.87
41 74.19
47 73.44
53 72.75
59 72.12
65 71.50
71 71.00
77 70.50
83 70.00
89 69.44
95 68.94
100 68.37
106 67.87
112 67.37
118 66.81
124 66.44
130 66.06
136 65.75
142 65.31
148 64.81
154 64.37
160 63.94
166 63.50
172 63.06
178 62.69
184 62.13
190 61.63
196 61.31
201 61.06
207 60.75
213 60.38
219 59.94
225 59.50
231 59.19
237 58.88
243 58.50
249 58.13
255 57.63
261 57.31
273 56.81
279 56.38
285 56.06
291 55.81
296 55.44
302 55.06
308 54.63
314 54.19
320 53.88
326 53.56
338 53.06
344 52.75
350 52.44
356 52.19
362 51.94
368 51.56
374 51.25
380 50.88
386 50.63
391 50.25
397 50.00
403 49.69
409 49.44
415 49.13
421 48.81
427 48.56
433 48.31
439 48.06
445 47.81
451 47.56
457 47.25
463 46.94
469 46.69
475 46.38
487 45.94
498 45.44
504 45.19
510 44.88
516 44.63
522 44.38
528 44.13
534 43.88
540 43.63
552 43.25
558 43.00
564 42.75
576 42.31
582 42.06
593 41.63
605 41.19
611 40.94
617 40.69
623 40.44
635 40.06
647 39.69
653 39.44
665 39.06
671 38.81
677 38.56
688 38.25
700 37.88
712 37.50
724 37.06
730 36.81
742 36.38
754 36.06
766 35.75
777 35.38
789 35.00
795 34.75
807 34.44
819 34.06
831 33.81
843 33.38
855 33.06
867 32.75
878 32.38
890 32.06
902 31.69
914 31.37
926 31.06
938 30.75
950 30.44
962 30.06
973 29.75
985 29.50
997 29.19
1009 28.81
1027 28.44
1039 28.12
1051 27.81
1063 27.50
1074 27.25
1086 27.00
1098 26.69
1110 26.44
1122 26.12
1134 25.81
1146 25.56
1158 25.31
1169 25.06
1181 24.81
1193 24.50
1205 24.25
1217 23.94
1229 23.69
1241 23.44
1253 23.12
1270 22.81
1288 22.50
1300 22.25
1312 22.00
1324 21.69
1342 21.44
1353 21.19
1365 20.94
1383 20.62
1401 20.25
1413 20.00
1425 19.75
1443 19.50
1454 19.19
1466 18.94
1484 18.69
1502 18.44
1520 18.06
1532 17.81
1549 17.50
1567 17.25
1579 17.00
1597 16.75
1609 16.50
1621 16.25
1639 16.00
1656 15.75
1674 15.44
1692 15.13
1710 14.81
1728 14.56
1745 14.31
1763 14.00
1781 13.69
1835 13.44
1870 13.19
1894 12.94
1924 12.69
1953 12.44
1983 12.19
2019 11.94
2042 11.69
2072 11.44
2096 11.19
2114 10.94
2131 10.69
2149 10.44
2167 10.19
2185 9.94
2203 9.69
2226 9.44
2250 9.19
2268 8.94
2292 8.69
2316 8.44
2339 8.19
2357 7.94
2381 7.69
2405 7.44
2434 7.19
2458 6.94
2482 6.69
2506 6.44
2529 6.19
2553 5.94
2577 5.69
2607 5.44
2630 5.19
2654 4.94
2684 4.69
2708 4.44
2737 4.19
2767 3.94
2797 3.69
2820 3.44
2850 3.19
2880 2.94
2910 2.69
2945 2.44
2975 2.19
3016 1.94
3052 1.69
3100 1.44
3141 1.19
3189 0.94
3242 0.69
3319 0.44
3391 0.19
3426 0.00
-----------END---------
-----------END---------
0 75.37
11 75.12
23 74.50
29 74.00
35 73.50
41 72.75
47 72.06
53 71.56
59 71.12
65 70.69
71 70.19
77 69.62
83 69.12
89 68.62
95 68.12
100 67.62
106 67.06
112 66.50
118 66.06
124 65.62
130 65.19
136 64.81
142 64.44
148 64.12
154 63.75
160 63.25
166 62.88
172 62.44
178 62.00
184 61.56
190 61.13
195 60.81
201 60.44
207 60.13
213 59.75
219 59.31
225 58.94
231 58.56
237 58.19
243 57.81
249 57.56
255 57.19
261 56.88
267 56.63
273 56.31
279 56.00
285 55.63
291 55.19
296 54.88
302 54.63
308 54.31
314 53.94
320 53.56
326 53.25
338 52.88
344 52.50
350 52.19
356 51.88
362 51.50
368 51.25
374 50.94
380 50.69
386 50.44
391 50.19
397 49.88
403 49.63
409 49.31
415 49.00
427 48.56
433 48.25
439 48.00
451 47.56
457 47.31
463 47.00
469 46.69
475 46.44
481 46.19
487 45.94
498 45.50
504 45.25
510 45.00
516 44.75
528 44.31
534 44.06
540 43.81
546 43.56
558 43.13
564 42.88
576 42.44
587 42.06
593 41.81
599 41.56
611 41.19
617 40.94
629 40.56
641 40.19
647 39.94
659 39.56
671 39.19
682 38.81
688 38.56
700 38.19
706 37.94
718 37.56
730 37.19
742 36.81
754 36.50
766 36.13
777 35.75
789 35.44
801 35.06
813 34.69
825 34.38
837 34.06
849 33.69
855 33.44
867 33.19
872 32.94
884 32.69
896 32.38
908 32.13
920 31.81
932 31.56
944 31.31
956 31.06
967 30.81
979 30.56
991 30.31
1003 30.06
1021 29.75
1033 29.44
1045 29.19
1057 28.94
1068 28.69
1080 28.44
1092 28.19
1104 27.94
1116 27.69
1128 27.44
1140 27.19
1152 26.94
1169 26.56
1187 26.25
1205 25.94
1223 25.62
1241 25.31
1253 25.06
1264 24.81
1282 24.50
1300 24.25
1312 24.00
1324 23.75
1342 23.50
1353 23.25
1371 23.00
1383 22.75
1401 22.50
1413 22.25
1431 22.00
1443 21.75
1460 21.50
1472 21.25
1490 21.00
1502 20.75
1526 20.50
1543 20.25
1555 20.00
1573 19.75
1591 19.44
1609 19.12
1627 18.87
1644 18.62
1662 18.37
1686 18.06
1704 17.81
1722 17.56
1739 17.31
1757 17.06
1775 16.81
1799 16.50
1823 16.19
1840 15.94
1864 15.69
1882 15.44
1900 15.19
1924 14.94
1941 14.69
1965 14.44
1989 14.19
2007 13.94
2024 13.69
2048 13.38
2072 13.13
2096 12.88
2120 12.63
2137 12.38
2161 12.13
2185 11.88
2209 11.63
2226 11.38
2250 11.13
2274 10.88
2298 10.63
2321 10.38
2339 10.13
2363 9.88
2393 9.63
2422 9.38
2446 9.13
2470 8.88
2500 8.63
2517 8.38
2541 8.13
2571 7.88
2601 7.63
2624 7.38
2648 7.13
2672 6.81
2702 6.56
2725 6.31
2749 6.06
2773 5.81
2797 5.56
2820 5.31
2850 5.06
2874 4.75
2903 4.50
2933 4.25
2963 4.00
2987 3.75
3016 3.50
3046 3.25
3076 3.00
3111 2.75
3147 2.50
3183 2.25
3230 2.00
3272 1.75
3313 1.50
3355 1.25
3414 1.00
3474 0.75
3545 0.50
3610 0.25
3658 0.00
-----------END---------
-----------END---------
0 78.81
5 78.56
11 78.19
17 77.75
23 77.31
29 76.69
35 76.00
41 75.37
47 74.81
53 74.31
59 73.75
65 73.19
71 72.56
77 72.00
83 71.50
89 71.00
95 70.37
100 69.94
106 69.44
112 69.06
118 68.62
124 68.00
130 67.50
136 67.19
142 66.94
148 66.69
154 66.31
160 65.87
166 65.44
172 65.00
178 64.62
184 64.31
190 63.88
196 63.44
201 63.13
207 62.81
213 62.50
219 62.13
225 61.75
231 61.44
237 61.06
243 60.81
249 60.56
255 60.25
261 59.88
267 59.50
273 59.19
279 58.81
285 58.50
291 58.13
296 57.81
302 57.56
308 57.31
314 57.06
320 56.81
326 56.56
332 56.31
338 56.06
344 55.69
350 55.38
356 55.06
362 54.81
368 54.50
374 54.19
380 53.94
386 53.69
391 53.44
397 53.19
403 52.88
409 52.63
415 52.38
427 51.88
433 51.63
439 51.38
445 51.13
457 50.63
463 50.38
469 50.13
475 49.88
487 49.44
498 49.06
504 48.81
516 48.31
522 48.06
534 47.75
540 47.50
546 47.25
558 46.88
564 46.63
576 46.25
587 45.81
593 45.56
605 45.13
617 44.75
629 44.38
641 44.00
653 43.56
665 43.19
677 42.81
688 42.44
700 42.06
712 41.75
724 41.31
736 40.94
748 40.63
760 40.25
772 39.94
783 39.63
795 39.31
807 38.88
819 38.56
831 38.25
843 37.94
855 37.63
867 37.31
872 37.06
884 36.81
896 36.50
908 36.19
920 35.88
932 35.63
944 35.31
956 35.00
967 34.69
979 34.44
991 34.19
1003 33.88
1015 33.56
1027 33.31
1039 33.00
1051 32.75
1062 32.44
1074 32.19
1086 31.94
1098 31.69
1110 31.37
1122 31.12
1134 30.87
1146 30.62
1157 30.31
1169 30.06
1181 29.81
1199 29.44
1211 29.19
1229 28.87
1241 28.62
1252 28.37
1270 28.12
1282 27.81
1294 27.56
1306 27.31
1324 27.00
1336 26.75
1347 26.50
1365 26.19
1383 25.87
1401 25.56
1413 25.31
1431 25.06
1442 24.81
1460 24.50
1478 24.19
1496 23.87
1514 23.62
1526 23.37
1543 23.12
1555 22.87
1573 22.56
1591 22.31
1609 22.06
1627 21.81
1644 21.50
1662 21.25
1680 21.00
1698 20.69
1716 20.37
1733 20.12
1757 19.81
1775 19.56
1793 19.31
1811 19.06
1828 18.75
1846 18.50
1864 18.25
1882 18.00
1894 17.75
1918 17.44
1941 17.19
1959 16.94
1977 16.69
1995 16.44
2019 16.12
2036 15.81
2060 15.56
2078 15.31
2096 15.06
2119 14.75
2137 14.50
2155 14.25
2173 14.00
2197 13.75
2220 13.44
2244 13.19
2256 12.94
2274 12.69
2292 12.44
2315 12.19
2339 11.94
2363 11.69
2387 11.38
2410 11.13
2434 10.81
2458 10.56
2488 10.25
2505 10.00
2529 9.75
2553 9.50
2565 9.25
2595 9.00
2618 8.75
2642 8.50
2666 8.25
2690 7.94
2713 7.69
2737 7.44
2761 7.19
2791 6.94
2814 6.69
2844 6.44
2868 6.19
2892 5.94
2921 5.69
2945 5.44
2969 5.19
2992 4.94
3022 4.63
3052 4.38
3082 4.13
3105 3.88
3135 3.63
3165 3.38
3200 3.13
3242 2.88
3284 2.63
3325 2.38
3367 2.13
3408 1.88
3456 1.63
3503 1.37
3557 1.12
3634 0.88
3711 0.63
3788 0.37
3866 0.12
3889 0.00
-----------END---------
-----------END---------
0 80.37
5 79.62
11 79.06
17 78.56
23 78.00
29 77.25
35 76.44
41 75.81
47 75.12
53 74.50
59 73.94
65 73.25
71 72.56
77 72.06
83 71.50
89 70.94
95 70.37
100 69.81
106 69.37
112 68.94
118 68.44
124 68.00
130 67.56
136 67.12
142 66.69
148 66.31
154 65.94
160 65.31
166 64.87
172 64.50
178 64.12
184 63.69
190 63.25
195 63.00
201 62.63
207 62.13
213 61.63
219 61.19
225 60.88
231 60.56
237 60.19
243 59.81
249 59.50
255 59.13
261 58.69
267 58.25
273 57.94
279 57.63
285 57.31
291 56.94
296 56.63
302 56.25
308 55.94
314 55.56
320 55.19
326 54.94
332 54.63
338 54.31
344 54.00
350 53.75
356 53.44
362 53.13
368 52.81
374 52.50
380 52.19
386 51.81
391 51.56
397 51.25
409 50.81
415 50.50
421 50.25
427 49.94
433 49.63
439 49.31
445 49.06
451 48.81
457 48.56
463 48.31
469 47.94
475 47.56
487 47.13
492 46.88
498 46.63
504 46.31
510 46.00
516 45.75
528 45.38
540 44.88
546 44.63
552 44.38
558 44.13
564 43.88
570 43.63
582 43.25
593 42.88
599 42.56
611 42.19
623 41.75
629 41.50
641 41.13
647 40.81
653 40.56
665 40.13
677 39.81
682 39.56
688 39.31
700 38.94
712 38.63
724 38.25
730 38.00
742 37.69
754 37.25
766 36.94
772 36.69
777 36.44
789 36.13
801 35.75
813 35.38
819 35.13
837 34.75
849 34.44
861 34.13
872 33.81
884 33.50
896 33.19
902 32.94
914 32.56
920 32.31
932 32.00
944 31.69
962 31.31
973 30.94
985 30.56
997 30.31
1009 30.00
1021 29.69
1033 29.44
1045 29.06
1057 28.75
1074 28.31
1086 28.06
1098 27.81
1110 27.50
1122 27.25
1134 26.94
1146 26.69
1157 26.37
1169 26.06
1181 25.75
1199 25.44
1211 25.19
1223 24.87
1241 24.50
1253 24.25
1264 23.94
1282 23.62
1294 23.37
1306 23.12
1318 22.87
1336 22.62
1348 22.31
1359 22.06
1371 21.81
1389 21.50
1401 21.25
1413 21.00
1431 20.69
1443 20.37
1460 20.12
1478 19.87
1502 19.62
1532 19.37
1567 19.12
1585 18.87
1615 18.62
1638 18.37
1662 18.12
1692 17.87
1716 17.62
1745 17.37
1769 17.12
1793 16.87
1828 16.62
1858 16.37
1882 16.12
1912 15.88
1935 15.63
1965 15.38
1995 15.13
2019 14.88
2054 14.63
2084 14.38
2114 14.13
2143 13.88
2173 13.63
2203 13.38
2244 13.13
2274 12.88
2298 12.63
2333 12.38
2369 12.13
2405 11.88
2440 11.63
2476 11.38
2505 11.13
2541 10.88
2583 10.63
2612 10.38
2648 10.13
2690 9.88
2731 9.63
2773 9.38
2820 9.13
2862 8.88
2903 8.63
2945 8.38
2987 8.13
3034 7.88
3076 7.63
3123 7.38
3171 7.13
3218 6.88
3260 6.63
3313 6.38
3361 6.13
3408 5.88
3444 5.63
3462 5.38
3479 5.13
3497 4.81
3521 4.56
3539 4.31
3569 4.06
3592 3.81
3616 3.56
3640 3.31
3675 3.06
3699 2.81
3729 2.56
3759 2.31
3788 2.06
3818 1.81
3871 1.56
3925 1.31
4008 1.06
4085 0.81
4151 0.56
4216 0.31
4287 0.00
-----------END---------
-----------END---------
0 84.81
5 84.56
11 84.12
17 83.56
23 83.06
29 82.37
35 81.62
41 80.94
47 80.31
53 79.75
59 79.12
65 78.56
71 78.00
77 77.37
83 76.75
89 76.19
95 75.69
100 75.19
106 74.75
112 74.19
118 73.75
124 73.25
130 72.81
136 72.44
142 72.00
148 71.56
154 71.06
160 70.62
166 70.31
172 69.87
178 69.44
184 69.00
190 68.62
196 68.19
201 67.75
207 67.25
213 66.94
219 66.56
225 66.19
231 65.87
237 65.56
243 65.19
249 64.81
255 64.44
261 64.12
267 63.75
273 63.31
279 62.88
285 62.63
291 62.31
296 62.00
302 61.63
308 61.38
314 61.00
320 60.63
326 60.38
332 60.13
338 59.81
344 59.50
350 59.13
356 58.88
362 58.56
374 58.19
380 57.94
386 57.69
391 57.38
397 57.13
403 56.88
409 56.63
415 56.31
421 56.00
427 55.75
439 55.31
445 55.06
451 54.81
457 54.50
469 54.06
475 53.81
481 53.56
487 53.31
498 52.94
504 52.63
510 52.38
516 52.13
522 51.75
528 51.31
534 50.88
540 50.50
546 50.19
552 49.94
558 49.63
564 49.38
570 49.06
576 48.69
582 48.44
587 48.06
593 47.75
599 47.50
605 47.19
611 46.94
617 46.63
623 46.31
629 46.06
635 45.81
641 45.56
647 45.31
653 45.06
659 44.75
665 44.44
671 44.13
682 43.75
688 43.50
694 43.25
700 42.94
706 42.69
712 42.44
718 42.13
730 41.75
736 41.50
742 41.25
748 41.00
754 40.75
766 40.38
772 40.13
783 39.69
795 39.31
801 39.06
813 38.69
819 38.44
831 38.00
837 37.75
849 37.38
861 37.06
867 36.81
878 36.38
890 36.06
902 35.63
914 35.38
926 35.00
938 34.63
944 34.38
956 33.94
968 33.63
979 33.31
991 33.06
997 32.81
1009 32.44
1021 32.13
1033 31.75
1045 31.44
1057 31.12
1068 30.81
1080 30.56
1092 30.19
1104 29.87
1116 29.62
1128 29.25
1140 28.94
1152 28.62
1163 28.37
1175 28.00
1187 27.69
1199 27.37
1211 27.12
1223 26.75
1235 26.50
1247 26.25
1258 25.94
1270 25.69
1282 25.37
1294 25.12
1306 24.87
1318 24.62
1330 24.37
1348 24.06
1359 23.81
1371 23.56
1383 23.31
1395 23.06
1407 22.81
1425 22.44
1443 22.12
1454 21.87
1472 21.56
1490 21.25
1502 21.00
1514 20.75
1532 20.44
1544 20.19
1561 19.87
1573 19.62
1591 19.31
1609 19.00
1627 18.69
1644 18.44
1656 18.19
1674 17.94
1692 17.62
1710 17.31
1728 17.00
1745 16.75
1763 16.50
1781 16.25
1793 16.00
1811 15.75
1829 15.50
1846 15.19
1864 14.94
1882 14.69
1900 14.44
1918 14.13
1941 13.88
1959 13.63
1977 13.38
1995 13.13
2013 12.88
2030 12.63
2048 12.38
2072 12.06
2090 11.81
2114 11.50
2131 11.25
2155 11.00
2173 10.75
2197 10.50
2215 10.25
2232 10.00
2256 9.75
2280 9.50
2298 9.25
2321 9.00
2345 8.69
2369 8.44
2393 8.19
2416 7.94
2440 7.69
2458 7.44
2488 7.19
2512 6.94
2535 6.69
2559 6.44
2583 6.19
2607 5.94
2630 5.69
2654 5.44
2678 5.19
2702 4.94
2731 4.69
2755 4.44
2779 4.19
2808 3.94
2832 3.69
2856 3.44
2886 3.19
2909 2.94
2933 2.63
2963 2.38
2999 2.13
3034 1.88
3064 1.63
3111 1.37
3153 1.12
3200 0.88
3242 0.63
3284 0.37
3349 0.12
3367 0.00
-----------END---------
-----------END---------
0 89.31
5 88.50
11 87.62
17 87.00
23 86.50
29 85.94
35 85.19
41 84.37
47 83.69
53 82.94
59 82.19
65 81.56
71 81.00
77 80.50
83 79.94
89 79.25
95 78.62
100 78.06
106 77.62
112 77.12
118 76.50
124 75.94
130 75.50
136 74.94
142 74.37
148 73.87
154 73.37
160 72.94
166 72.50
172 72.00
178 71.56
184 71.12
190 70.62
196 70.25
201 69.81
207 69.25
213 68.75
219 68.37
225 68.00
231 67.62
237 67.19
243 66.87
249 66.50
255 66.12
261 65.69
267 65.25
273 64.81
279 64.37
285 63.94
291 63.69
296 63.44
302 63.13
308 62.69
314 62.38
320 62.06
326 61.75
332 61.38
338 61.00
344 60.56
350 60.25
356 59.94
362 59.56
368 59.31
374 58.94
380 58.69
386 58.38
391 58.13
397 57.88
403 57.56
409 57.25
415 57.00
421 56.69
427 56.38
433 56.00
439 55.75
445 55.44
451 55.13
457 54.88
463 54.63
475 54.13
481 53.88
487 53.63
492 53.38
504 52.88
510 52.56
516 52.31
522 52.06
534 51.63
540 51.38
546 51.06
558 50.63
564 50.38
570 50.13
576 49.88
587 49.50
593 49.25
599 49.00
611 48.63
623 48.13
635 47.69
647 47.25
659 46.88
665 46.63
677 46.19
688 45.81
700 45.44
712 45.06
718 44.81
730 44.44
742 44.06
754 43.69
766 43.25
777 42.94
783 42.69
795 42.31
801 42.06
813 41.69
825 41.25
837 40.88
843 40.63
855 40.25
861 40.00
867 39.75
878 39.38
890 39.00
902 38.63
914 38.25
926 37.88
938 37.56
950 37.25
962 36.88
973 36.56
985 36.19
997 35.81
1009 35.50
1015 35.25
1027 35.00
1039 34.56
1051 34.31
1062 34.06
1074 33.69
1086 33.38
1098 33.06
1110 32.75
1122 32.44
1134 32.06
1146 31.81
1158 31.50
1169 31.19
1181 30.94
1193 30.62
1205 30.37
1217 30.06
1229 29.81
1241 29.56
1253 29.31
1264 29.06
1276 28.75
1288 28.44
1300 28.19
1312 27.94
1324 27.69
1336 27.44
1348 27.19
1359 26.94
1377 26.62
1389 26.25
1401 26.00
1419 25.69
1431 25.44
1443 25.19
1454 24.94
1472 24.56
1484 24.31
1496 24.06
1514 23.75
1532 23.44
1543 23.19
1555 22.94
1573 22.62
1591 22.31
1609 22.00
1627 21.69
1644 21.37
1656 21.12
1674 20.81
1686 20.56
1704 20.31
1722 20.00
1739 19.69
1757 19.37
1775 19.06
1793 18.81
1811 18.56
1829 18.25
1846 18.00
1864 17.69
1882 17.44
1900 17.19
1918 16.94
1935 16.69
1953 16.37
1971 16.12
1989 15.88
2007 15.63
2025 15.38
2042 15.13
2060 14.81
2078 14.56
2102 14.31
2120 14.00
2143 13.75
2161 13.50
2179 13.25
2197 13.00
2220 12.69
2244 12.44
2262 12.13
2280 11.88
2304 11.63
2321 11.38
2345 11.13
2363 10.88
2381 10.63
2405 10.38
2428 10.06
2452 9.81
2482 9.56
2506 9.31
2523 9.06
2547 8.81
2571 8.56
2595 8.31
2618 8.06
2642 7.81
2666 7.56
2690 7.31
2713 7.06
2737 6.81
2767 6.56
2797 6.31
2826 6.06
2856 5.81
2886 5.56
2915 5.31
2945 5.06
2975 4.81
3004 4.56
3040 4.31
3070 4.06
3099 3.81
3141 3.56
3177 3.31
3212 3.06
3248 2.81
3284 2.56
3319 2.31
3361 2.06
3391 1.81
3426 1.56
3462 1.31
3509 1.06
3616 0.81
3717 0.56
3806 0.31
3895 0.00
-----------END---------
-----------END---------
