0 13.75
6 12.94
12 12.31
18 11.69
24 11.13
30 10.56
36 10.13
42 9.75
48 9.38
54 9.00
60 8.69
66 8.31
71 8.00
77 7.75
83 7.50
89 7.25
95 7.00
101 6.75
107 6.50
119 6.13
125 5.88
137 5.56
155 5.25
166 4.94
178 4.63
190 4.38
208 4.13
220 3.88
232 3.63
250 3.38
279 3.13
297 2.88
321 2.63
345 2.38
380 2.13
404 1.88
434 1.63
469 1.37
499 1.12
517 0.88
547 0.63
588 0.37
612 0.12
618 0.00
-----------END---------
-----------END---------
0 20.94
48 20.69
60 20.44
71 20.12
83 19.75
95 19.50
107 19.25
119 18.94
137 18.62
155 18.31
172 18.00
190 17.69
208 17.44
226 17.19
238 16.94
256 16.69
273 16.37
291 16.06
315 15.81
339 15.56
357 15.31
368 15.06
392 14.75
410 14.50
440 14.25
463 14.00
487 13.75
499 13.50
529 13.19
552 12.94
576 12.63
600 12.38
624 12.13
648 11.88
671 11.63
695 11.38
719 11.13
748 10.81
778 10.56
802 10.31
826 10.06
849 9.81
873 9.56
897 9.31
921 9.06
950 8.81
974 8.56
998 8.31
1028 8.06
1051 7.81
1081 7.56
1099 7.31
1129 7.06
1152 6.81
1182 6.56
1212 6.31
1241 6.06
1265 5.81
1301 5.56
1325 5.31
1354 5.06
1378 4.81
1408 4.56
1443 4.31
1467 4.06
1497 3.81
1527 3.56
1556 3.31
1586 3.06
1616 2.81
1651 2.56
1687 2.25
1723 2.00
1752 1.75
1788 1.50
1824 1.25
1877 1.00
2109 0.75
2198 0.50
2239 0.25
2287 0.00
-----------END---------
-----------END---------
0 40.63
24 40.38
36 40.00
48 39.63
60 39.31
71 39.00
77 38.75
89 38.38
101 38.00
113 37.69
125 37.31
137 37.06
149 36.69
161 36.31
172 36.00
184 35.75
196 35.44
208 35.19
220 34.81
232 34.56
244 34.25
256 34.00
267 33.75
279 33.44
291 33.13
303 32.88
315 32.63
327 32.38
339 32.06
351 31.75
362 31.50
374 31.25
386 31.00
398 30.75
410 30.50
422 30.25
434 30.00
446 29.75
457 29.50
475 29.19
487 28.87
505 28.56
523 28.25
535 28.00
547 27.75
558 27.50
570 27.25
588 26.94
600 26.69
618 26.37
636 26.06
647 25.75
665 25.44
683 25.19
701 24.87
713 24.62
731 24.37
742 24.12
760 23.81
778 23.56
796 23.31
814 23.00
832 22.69
843 22.44
855 22.19
879 21.94
891 21.69
909 21.44
927 21.12
944 20.87
962 20.62
980 20.31
998 20.06
1016 19.75
1039 19.44
1057 19.12
1081 18.81
1105 18.56
1123 18.25
1146 17.94
1164 17.62
1182 17.37
1206 17.06
1229 16.75
1247 16.50
1271 16.25
1295 16.00
1313 15.69
1330 15.44
1348 15.19
1372 14.94
1390 14.69
1414 14.44
1431 14.19
1455 13.94
1479 13.63
1503 13.38
1526 13.06
1550 12.75
1580 12.44
1604 12.19
1627 11.94
1645 11.69
1675 11.38
1705 11.13
1728 10.88
1752 10.63
1776 10.38
1800 10.13
1823 9.88
1853 9.63
1877 9.38
1901 9.13
1924 8.88
1948 8.63
1978 8.38
2008 8.13
2031 7.88
2061 7.63
2085 7.38
2120 7.13
2144 6.88
2174 6.63
2204 6.38
2227 6.13
2257 5.88
2293 5.63
2322 5.38
2352 5.13
2382 4.88
2411 4.63
2447 4.38
2477 4.13
2507 3.88
2542 3.63
2572 3.38
2607 3.13
2637 2.88
2673 2.63
2703 2.38
2744 2.13
2780 1.88
2827 1.63
2922 1.37
3059 1.12
3130 0.88
3201 0.63
3273 0.37
3350 0.12
3374 0.00
-----------END---------
-----------END---------
0 50.06
6 49.63
12 49.25
18 48.94
24 48.63
30 48.31
36 47.94
42 47.56
48 47.31
54 47.00
60 46.75
65 46.50
71 46.19
77 45.94
83 45.63
89 45.38
95 45.13
107 44.69
113 44.44
119 44.19
125 43.94
131 43.69
137 43.38
143 43.13
149 42.88
155 42.63
166 42.19
178 41.81
190 41.38
196 41.13
208 40.75
214 40.50
226 40.06
238 39.75
250 39.44
261 39.06
267 38.81
273 38.56
279 38.31
291 38.00
303 37.69
309 37.44
321 37.06
333 36.75
345 36.44
356 36.06
362 35.81
374 35.44
386 35.06
398 34.69
410 34.38
422 34.06
434 33.81
446 33.50
457 33.13
469 32.88
487 32.56
499 32.25
511 31.94
523 31.62
535 31.37
546 31.12
558 30.87
570 30.56
582 30.31
594 30.06
606 29.75
624 29.44
636 29.19
647 28.94
659 28.69
671 28.25
689 28.00
701 27.75
719 27.44
731 27.19
748 26.87
760 26.62
772 26.37
790 26.06
808 25.75
820 25.50
837 25.19
849 24.87
867 24.62
879 24.37
897 24.06
909 23.81
927 23.50
944 23.19
962 22.87
974 22.62
992 22.37
1010 22.06
1027 21.81
1045 21.50
1057 21.25
1075 21.00
1093 20.75
1105 20.50
1123 20.25
1140 20.00
1158 19.69
1176 19.44
1194 19.19
1212 18.87
1229 18.56
1253 18.25
1271 18.00
1289 17.75
1307 17.50
1324 17.25
1342 16.94
1366 16.69
1384 16.44
1402 16.19
1425 15.94
1443 15.69
1467 15.38
1485 15.13
1503 14.88
1520 14.63
1544 14.31
1562 14.06
1586 13.81
1598 13.56
1621 13.31
1651 13.06
1675 12.75
1699 12.50
1716 12.25
1740 12.00
1758 11.75
1782 11.50
1811 11.19
1841 10.94
1865 10.63
1889 10.38
1912 10.13
1936 9.88
1960 9.63
1984 9.38
2013 9.13
2037 8.88
2061 8.63
2085 8.38
2114 8.06
2138 7.81
2162 7.56
2192 7.31
2215 7.06
2245 6.81
2275 6.56
2298 6.31
2322 6.06
2346 5.75
2382 5.50
2405 5.25
2423 5.00
2453 4.75
2489 4.44
2512 4.19
2536 3.94
2578 3.69
2595 3.44
2631 3.19
2661 2.94
2691 2.69
2720 2.44
2750 2.19
2786 1.94
2809 1.69
2845 1.44
2875 1.19
2898 0.94
2934 0.69
2970 0.44
3005 0.19
3023 0.00
-----------END---------
-----------END---------
0 10.88
12 10.56
24 10.25
36 9.88
48 9.50
54 9.25
66 8.88
77 8.56
89 8.31
101 8.00
113 7.75
125 7.44
143 7.06
161 6.75
172 6.44
190 6.19
214 5.94
232 5.69
250 5.44
267 5.19
291 4.88
321 4.63
339 4.38
363 4.13
374 3.88
416 3.63
434 3.31
475 3.06
499 2.81
529 2.56
570 2.31
606 2.06
648 1.81
719 1.56
749 1.31
778 1.06
814 0.81
850 0.56
885 0.31
921 0.00
-----------END---------
-----------END---------
0 15.75
48 15.50
65 15.25
83 15.00
101 14.69
119 14.38
137 14.13
155 13.88
172 13.63
196 13.31
226 13.06
250 12.81
273 12.56
297 12.31
321 12.06
351 11.75
380 11.50
404 11.25
434 11.00
457 10.75
493 10.50
517 10.25
547 10.00
576 9.75
606 9.50
636 9.25
665 9.00
695 8.75
725 8.50
760 8.25
790 8.00
820 7.75
855 7.50
891 7.25
921 7.00
956 6.75
986 6.50
1022 6.25
1057 6.00
1093 5.75
1129 5.50
1164 5.25
1200 5.00
1242 4.75
1277 4.50
1313 4.25
1354 4.00
1396 3.75
1438 3.50
1479 3.25
1521 3.00
1562 2.75
1610 2.50
1657 2.25
1711 2.00
1788 1.75
1931 1.50
2032 1.25
2115 1.00
2198 0.75
2281 0.50
2358 0.25
2424 0.00
-----------END---------
-----------END---------
0 29.62
18 29.31
30 28.81
36 28.50
42 28.19
48 27.94
54 27.69
65 27.37
77 26.81
89 26.56
101 26.19
107 25.94
119 25.62
125 25.37
137 25.06
149 24.69
161 24.44
172 24.12
190 23.81
202 23.44
226 23.00
238 22.75
261 22.37
273 22.06
291 21.75
303 21.44
315 21.19
345 20.94
356 20.62
374 20.31
386 20.00
416 19.69
440 19.44
452 19.12
475 18.81
493 18.56
505 18.31
529 18.06
541 17.81
558 17.56
582 17.31
600 17.06
624 16.81
642 16.50
653 16.25
677 16.00
701 15.69
725 15.44
743 15.13
766 14.88
796 14.63
814 14.31
838 14.06
855 13.81
873 13.56
909 13.31
933 13.00
956 12.75
980 12.44
1004 12.19
1034 11.88
1063 11.56
1087 11.31
1117 11.06
1146 10.75
1164 10.50
1182 10.25
1212 10.00
1241 9.75
1259 9.50
1277 9.19
1325 8.94
1354 8.63
1366 8.38
1408 8.06
1449 7.81
1479 7.56
1515 7.31
1532 7.06
1556 6.75
1586 6.50
1622 6.25
1633 5.94
1675 5.69
1717 5.44
1758 5.19
1776 4.88
1818 4.63
1847 4.31
1871 4.06
1919 3.81
1954 3.56
1978 3.31
2014 3.00
2037 2.75
2067 2.50
2097 2.25
2144 2.00
2174 1.75
2210 1.50
2245 1.25
2287 1.00
2323 0.75
2364 0.50
2412 0.25
2453 0.00
-----------END---------
-----------END---------
0 39.06
24 38.81
30 38.50
36 38.19
42 37.94
48 37.63
54 37.38
65 37.06
77 36.75
89 36.38
95 36.13
101 35.88
113 35.56
125 35.19
131 34.94
143 34.56
155 34.31
166 33.94
178 33.56
190 33.25
202 32.88
214 32.56
226 32.19
238 31.87
250 31.56
261 31.25
273 30.94
285 30.62
297 30.37
309 30.00
321 29.75
333 29.50
345 29.12
356 28.87
368 28.62
380 28.37
392 28.06
404 27.81
416 27.56
428 27.31
440 27.06
451 26.75
463 26.50
475 26.25
493 25.94
505 25.69
517 25.44
535 25.06
552 24.75
564 24.50
582 24.19
594 23.94
612 23.62
630 23.31
647 23.06
659 22.81
671 22.56
689 22.25
707 21.94
725 21.69
737 21.44
754 21.19
766 20.94
784 20.69
796 20.44
814 20.19
832 19.94
849 19.69
861 19.44
885 19.12
903 18.87
921 18.56
938 18.31
956 18.06
974 17.81
992 17.56
1010 17.31
1028 17.06
1045 16.81
1063 16.56
1081 16.31
1099 16.06
1117 15.81
1140 15.50
1164 15.25
1182 15.00
1200 14.75
1218 14.50
1241 14.19
1265 13.94
1283 13.69
1301 13.44
1325 13.19
1342 12.94
1366 12.69
1390 12.44
1408 12.19
1431 11.94
1449 11.69
1473 11.44
1497 11.19
1515 10.94
1538 10.69
1562 10.44
1586 10.19
1610 9.94
1633 9.69
1657 9.44
1681 9.19
1705 8.94
1728 8.69
1758 8.44
1782 8.19
1806 7.94
1829 7.69
1859 7.44
1889 7.19
1913 6.94
1936 6.69
1966 6.44
1990 6.19
2019 5.94
2049 5.69
2073 5.44
2103 5.19
2132 4.94
2162 4.69
2186 4.44
2215 4.19
2245 3.94
2275 3.69
2305 3.44
2334 3.19
2364 2.94
2394 2.69
2423 2.44
2459 2.19
2495 1.94
2530 1.69
2578 1.44
2619 1.19
2685 0.94
2762 0.69
2851 0.44
2934 0.19
2970 0.00
-----------END---------
-----------END---------
0 43.88
54 43.56
65 43.25
77 43.00
89 42.69
101 42.38
113 42.06
125 41.81
137 41.50
149 41.25
160 41.00
172 40.75
184 40.44
202 40.13
214 39.81
226 39.56
238 39.31
256 39.00
267 38.75
279 38.50
297 38.19
315 37.88
327 37.63
339 37.38
351 37.13
362 36.81
380 36.50
398 36.19
416 35.88
434 35.56
451 35.25
469 34.94
487 34.69
499 34.44
517 34.19
535 33.88
552 33.56
570 33.31
582 33.06
600 32.81
618 32.56
636 32.25
653 32.00
671 31.69
689 31.44
713 31.12
731 30.87
748 30.62
766 30.31
790 30.00
808 29.75
826 29.50
843 29.25
861 29.00
879 28.75
903 28.50
921 28.25
938 28.00
956 27.75
974 27.50
998 27.25
1022 27.00
1039 26.75
1063 26.44
1087 26.12
1111 25.87
1128 25.62
1158 25.31
1182 25.06
1206 24.81
1223 24.56
1247 24.31
1271 24.06
1283 23.81
1295 23.56
1307 23.31
1324 23.00
1348 22.75
1366 22.50
1384 22.19
1402 21.87
1425 21.62
1443 21.37
1467 21.12
1485 20.87
1503 20.62
1520 20.37
1538 20.12
1562 19.81
1580 19.56
1604 19.25
1627 18.94
1651 18.69
1675 18.37
1699 18.06
1728 17.81
1746 17.56
1764 17.25
1788 17.00
1817 16.75
1841 16.50
1859 16.25
1883 16.00
1906 15.75
1930 15.50
1948 15.25
1978 15.00
2001 14.69
2025 14.44
2049 14.19
2073 13.94
2096 13.69
2120 13.44
2138 13.19
2162 12.94
2191 12.69
2209 12.44
2239 12.19
2263 11.88
2292 11.63
2322 11.38
2346 11.13
2376 10.88
2399 10.63
2417 10.38
2441 10.13
2477 9.88
2506 9.63
2530 9.38
2554 9.13
2583 8.88
2607 8.63
2649 8.38
2673 8.13
2696 7.88
2732 7.63
2762 7.38
2785 7.13
2815 6.88
2845 6.63
2880 6.38
2910 6.13
2940 5.88
2970 5.63
2999 5.38
3029 5.06
3059 4.81
3094 4.56
3124 4.31
3154 4.06
3189 3.81
3237 3.56
3278 3.31
3314 3.06
3362 2.81
3415 2.56
3474 2.31
3546 2.06
3694 1.81
3795 1.56
3872 1.31
3950 1.06
4027 0.81
4110 0.56
4193 0.31
4288 0.00
-----------END---------
-----------END---------
0 55.13
30 54.81
42 54.44
48 54.19
54 53.94
60 53.63
65 53.31
71 53.00
77 52.69
83 52.38
89 52.06
95 51.75
101 51.50
107 51.19
113 50.94
119 50.69
125 50.44
137 50.00
143 49.69
149 49.44
155 49.13
166 48.75
172 48.50
178 48.25
184 48.00
190 47.75
202 47.31
208 47.06
220 46.69
226 46.44
232 46.19
238 45.94
250 45.50
261 45.13
273 44.81
285 44.38
297 44.00
309 43.63
321 43.25
333 42.81
345 42.44
356 42.13
368 41.75
380 41.44
386 41.19
398 40.88
410 40.44
416 40.19
428 39.94
440 39.56
451 39.25
463 38.94
469 38.69
475 38.44
487 38.19
499 37.94
511 37.50
523 37.19
535 36.88
547 36.56
558 36.25
570 35.88
582 35.56
594 35.31
606 35.00
618 34.75
630 34.44
642 34.06
653 33.81
665 33.44
683 33.13
695 32.88
707 32.63
719 32.31
731 32.06
742 31.75
754 31.50
766 31.25
778 30.94
790 30.69
802 30.44
814 30.19
826 29.94
837 29.69
849 29.37
861 29.06
879 28.81
891 28.50
903 28.25
915 28.00
927 27.75
944 27.44
956 27.19
974 26.87
986 26.62
1004 26.31
1016 26.06
1028 25.81
1039 25.56
1057 25.25
1075 24.94
1087 24.69
1105 24.44
1117 24.19
1134 23.87
1146 23.62
1164 23.37
1182 23.06
1194 22.81
1206 22.56
1223 22.31
1235 22.06
1253 21.75
1277 21.50
1289 21.25
1301 21.00
1318 20.75
1336 20.50
1354 20.19
1372 19.87
1390 19.62
1408 19.37
1425 19.12
1443 18.87
1455 18.62
1467 18.37
1497 18.12
1514 17.87
1526 17.62
1538 17.37
1556 17.12
1580 16.87
1604 16.62
1621 16.37
1639 16.12
1663 15.81
1687 15.50
1710 15.25
1728 15.00
1746 14.75
1770 14.44
1794 14.13
1817 13.81
1847 13.56
1871 13.25
1895 13.00
1918 12.75
1942 12.50
1960 12.25
1984 12.00
2007 11.75
2025 11.50
2049 11.19
2073 10.94
2097 10.69
2126 10.44
2150 10.19
2174 9.94
2197 9.63
2221 9.38
2239 9.13
2269 8.81
2298 8.56
2328 8.25
2358 8.00
2382 7.75
2411 7.50
2441 7.25
2471 7.00
2494 6.75
2524 6.50
2554 6.25
2578 6.00
2613 5.75
2643 5.50
2673 5.25
2708 5.00
2738 4.75
2774 4.50
2809 4.25
2839 4.00
2875 3.75
2910 3.50
2946 3.25
2976 3.00
3011 2.75
3047 2.50
3082 2.25
3112 2.00
3148 1.75
3189 1.50
3237 1.25
3296 1.00
3409 0.75
3504 0.50
3581 0.25
3641 0.00
-----------END---------
-----------END---------
0 58.75
5 59.00
35 58.63
47 58.25
53 57.88
59 57.56
65 57.25
71 56.94
77 56.69
83 56.38
89 56.06
95 55.69
100 55.38
106 55.06
112 54.75
118 54.50
124 54.25
130 54.00
136 53.75
148 53.25
154 53.00
160 52.75
166 52.50
172 52.19
178 51.94
184 51.69
195 51.31
201 51.06
213 50.63
219 50.38
231 50.00
243 49.63
255 49.19
261 48.94
273 48.50
285 48.06
296 47.69
308 47.31
320 46.94
326 46.69
338 46.31
350 46.00
362 45.63
374 45.19
386 44.88
391 44.63
403 44.25
415 43.94
427 43.63
439 43.25
451 42.94
463 42.69
475 42.38
486 42.00
492 41.75
504 41.50
516 41.25
528 40.94
534 40.69
540 40.44
546 40.13
552 39.88
558 39.56
570 39.25
581 38.94
587 38.69
593 38.44
605 38.13
611 37.81
623 37.50
635 37.13
647 36.75
659 36.44
671 36.13
682 35.75
694 35.44
706 35.06
718 34.63
730 34.38
742 33.94
754 33.63
766 33.31
777 33.06
789 32.75
801 32.50
813 32.19
825 31.87
831 31.62
843 31.37
861 31.06
866 30.75
884 30.50
896 30.25
914 29.81
926 29.56
938 29.25
950 29.00
967 28.62
973 28.37
991 28.00
1009 27.62
1027 27.25
1039 26.94
1051 26.69
1068 26.44
1080 26.19
1092 25.94
1104 25.69
1116 25.44
1134 25.12
1152 24.81
1163 24.50
1175 24.25
1187 24.00
1205 23.75
1217 23.50
1229 23.25
1241 23.00
1252 22.75
1270 22.44
1294 22.12
1300 21.87
1330 21.56
1342 21.25
1365 20.94
1383 20.56
1401 20.31
1419 20.06
1437 19.69
1454 19.44
1472 19.19
1490 18.81
1514 18.44
1543 18.12
1561 17.81
1585 17.56
1603 17.25
1621 17.00
1639 16.75
1650 16.44
1668 16.19
1686 15.88
1728 15.56
1739 15.31
1769 15.00
1787 14.75
1799 14.50
1817 14.25
1852 13.88
1870 13.63
1888 13.38
1924 13.06
1941 12.81
1977 12.50
1989 12.25
2013 12.00
2036 11.75
2060 11.50
2078 11.25
2102 11.00
2131 10.69
2155 10.44
2173 10.13
2209 9.88
2226 9.63
2256 9.38
2286 9.13
2304 8.81
2327 8.50
2357 8.25
2381 7.94
2417 7.63
2458 7.31
2470 7.06
2518 6.75
2547 6.50
2577 6.25
2607 5.94
2630 5.69
2654 5.44
2678 5.19
2708 4.94
2719 4.69
2755 4.44
2797 4.19
2826 3.94
2856 3.69
2880 3.38
2910 3.13
2951 2.88
2987 2.63
3016 2.38
3046 2.13
3076 1.88
3123 1.63
3159 1.37
3207 1.12
3254 0.88
3302 0.63
3337 0.37
3379 0.12
3391 0.00
-----------END---------
-----------END---------
0 62.25
23 61.94
29 61.63
35 61.38
41 61.00
47 60.63
53 60.31
59 60.00
65 59.63
71 59.25
77 58.88
83 58.50
89 58.13
95 57.81
100 57.56
106 57.19
112 56.88
118 56.63
124 56.31
130 56.00
136 55.69
142 55.38
148 55.13
154 54.81
160 54.50
166 54.19
172 53.94
178 53.63
184 53.31
190 53.06
195 52.81
201 52.56
207 52.31
213 52.06
219 51.81
225 51.56
231 51.31
237 51.00
243 50.75
249 50.50
255 50.25
267 49.81
273 49.56
285 49.13
291 48.88
296 48.63
302 48.38
308 48.13
320 47.75
326 47.50
332 47.25
338 47.00
344 46.75
356 46.38
368 45.94
380 45.56
386 45.31
397 44.88
409 44.50
421 44.06
433 43.69
445 43.25
457 42.94
469 42.56
481 42.19
492 41.81
504 41.50
516 41.13
528 40.81
540 40.44
552 40.13
564 39.81
576 39.44
587 39.13
599 38.75
611 38.44
623 38.13
635 37.81
647 37.50
659 37.25
671 36.94
682 36.56
694 36.25
706 35.94
718 35.69
730 35.31
742 35.00
754 34.75
766 34.38
777 34.13
789 33.88
801 33.56
813 33.31
825 33.00
837 32.75
849 32.44
861 32.19
872 31.94
884 31.69
896 31.37
908 31.12
920 30.87
932 30.62
944 30.37
956 30.06
967 29.81
979 29.56
991 29.31
1003 29.06
1015 28.81
1027 28.56
1045 28.25
1062 27.94
1074 27.69
1086 27.44
1098 27.19
1110 26.94
1128 26.62
1140 26.37
1152 26.12
1169 25.81
1187 25.50
1205 25.19
1223 24.87
1235 24.62
1253 24.31
1270 24.00
1288 23.75
1300 23.50
1318 23.19
1336 22.94
1353 22.62
1371 22.31
1389 22.06
1407 21.75
1425 21.44
1443 21.19
1460 20.94
1478 20.62
1496 20.37
1508 20.12
1526 19.87
1544 19.62
1561 19.37
1579 19.12
1597 18.87
1615 18.62
1633 18.37
1650 18.12
1668 17.87
1686 17.62
1704 17.37
1722 17.12
1739 16.87
1757 16.62
1775 16.37
1793 16.12
1817 15.81
1835 15.56
1858 15.25
1876 15.00
1900 14.75
1918 14.50
1935 14.25
1959 13.94
1977 13.69
1995 13.44
2019 13.19
2036 12.94
2060 12.69
2084 12.44
2102 12.19
2126 11.94
2143 11.69
2167 11.38
2191 11.13
2215 10.88
2232 10.63
2256 10.38
2280 10.13
2304 9.81
2333 9.50
2357 9.25
2381 9.00
2405 8.75
2428 8.50
2452 8.25
2482 8.00
2512 7.75
2541 7.50
2571 7.25
2595 7.00
2624 6.75
2660 6.50
2696 6.25
2743 6.00
2761 5.75
2820 5.50
2862 5.25
2915 5.00
2945 4.75
2993 4.50
3034 4.25
3088 4.00
3135 3.75
3183 3.50
3224 3.25
3290 3.00
3331 2.75
3385 2.50
3444 2.25
3509 2.00
3545 1.75
3604 1.50
3729 1.25
3848 1.00
3931 0.75
4002 0.50
4074 0.25
4121 0.00
-----------END---------
-----------END---------
0 72.62
5 72.19
17 71.50
23 71.25
29 70.94
35 70.56
41 70.19
47 69.75
53 69.37
59 69.00
65 68.56
71 68.25
77 67.94
83 67.62
89 67.25
95 66.75
100 66.37
106 66.00
112 65.69
118 65.37
124 65.06
130 64.69
136 64.31
142 64.00
148 63.63
154 63.25
160 62.81
166 62.50
172 62.13
178 61.81
184 61.56
190 61.25
195 60.94
201 60.63
207 60.31
213 59.94
219 59.63
225 59.31
231 59.00
237 58.69
243 58.38
249 58.00
255 57.69
261 57.38
267 57.13
273 56.88
279 56.56
285 56.25
291 55.94
296 55.63
302 55.31
308 55.06
314 54.75
326 54.31
332 54.00
338 53.75
344 53.50
350 53.25
356 52.94
368 52.50
374 52.25
380 51.94
386 51.69
397 51.25
409 50.81
415 50.56
421 50.25
427 50.00
433 49.75
445 49.31
457 48.81
463 48.56
475 48.19
481 47.94
492 47.63
498 47.38
504 47.13
516 46.75
528 46.31
534 46.06
546 45.69
552 45.44
564 45.06
576 44.69
587 44.25
599 43.88
611 43.44
623 43.06
635 42.75
647 42.38
659 42.00
671 41.63
682 41.25
694 40.88
706 40.50
718 40.19
730 39.81
742 39.50
754 39.19
766 38.88
777 38.50
789 38.19
801 37.88
813 37.56
825 37.19
837 36.88
849 36.63
861 36.31
872 36.00
884 35.75
896 35.38
908 35.13
920 34.81
932 34.50
944 34.25
956 33.94
967 33.69
979 33.38
991 33.06
1003 32.75
1015 32.50
1027 32.19
1045 31.81
1062 31.50
1074 31.25
1086 30.94
1098 30.69
1110 30.44
1122 30.19
1134 29.94
1146 29.69
1163 29.37
1175 29.06
1193 28.75
1211 28.37
1223 28.12
1235 27.87
1253 27.50
1270 27.25
1288 26.94
1300 26.69
1318 26.37
1330 26.12
1348 25.87
1359 25.62
1377 25.37
1389 25.12
1407 24.81
1425 24.50
1443 24.19
1460 23.94
1472 23.69
1490 23.44
1502 23.19
1520 22.94
1538 22.62
1555 22.31
1573 22.00
1591 21.75
1609 21.50
1627 21.25
1644 21.00
1656 20.75
1674 20.50
1692 20.25
1710 20.00
1728 19.75
1745 19.50
1763 19.25
1781 19.00
1799 18.75
1817 18.50
1834 18.25
1852 17.94
1876 17.69
1900 17.44
1918 17.12
1941 16.81
1959 16.56
1983 16.25
2007 16.00
2025 15.75
2048 15.50
2066 15.25
2096 14.94
2114 14.69
2137 14.44
2155 14.19
2185 13.88
2209 13.63
2232 13.38
2256 13.13
2280 12.88
2304 12.56
2327 12.31
2351 12.06
2375 11.81
2399 11.56
2422 11.31
2446 11.06
2476 10.81
2494 10.56
2517 10.31
2547 10.06
2571 9.81
2601 9.50
2630 9.25
2660 9.00
2684 8.75
2713 8.50
2737 8.25
2761 8.00
2797 7.75
2820 7.50
2850 7.25
2874 7.00
2909 6.75
2939 6.50
2963 6.25
2993 6.00
3028 5.75
3052 5.50
3076 5.25
3105 5.00
3141 4.75
3177 4.50
3200 4.25
3236 4.00
3272 3.75
3301 3.50
3331 3.25
3361 3.00
3396 2.75
3432 2.50
3468 2.25
3515 2.00
3563 1.75
3616 1.50
3717 1.25
3860 1.00
3949 0.75
4032 0.50
4109 0.25
4181 0.00
-----------END---------
-----------END---------
0 75.75
5 75.50
17 75.00
23 74.44
29 73.87
35 73.25
41 72.87
47 72.56
53 71.87
59 71.19
65 70.62
71 70.00
77 69.50
83 69.00
89 68.50
95 67.94
100 67.37
106 67.00
112 66.69
118 66.31
124 65.81
130 65.31
136 65.00
142 64.62
148 64.19
154 63.75
160 63.31
166 62.94
172 62.56
178 62.13
184 61.75
190 61.44
196 61.06
201 60.75
207 60.38
213 60.00
219 59.63
225 59.25
231 58.88
243 58.31
249 57.94
255 57.50
261 57.13
267 56.81
273 56.50
279 56.19
285 55.81
291 55.50
296 55.19
302 54.88
308 54.56
314 54.13
320 53.75
326 53.31
332 52.94
350 52.44
356 52.19
362 51.94
368 51.50
374 51.13
380 50.75
386 50.44
391 50.19
397 49.94
403 49.69
409 49.44
421 48.94
427 48.56
433 48.31
439 48.06
445 47.81
451 47.50
457 47.19
463 46.88
475 46.44
481 46.19
487 45.88
498 45.50
504 45.25
516 44.88
528 44.50
534 44.25
540 44.00
546 43.75
552 43.50
558 43.25
564 42.94
576 42.50
582 42.25
587 42.00
599 41.63
605 41.38
617 41.00
623 40.75
629 40.50
641 40.19
653 39.75
665 39.44
677 39.00
682 38.75
694 38.44
706 38.13
718 37.75
730 37.44
742 37.00
754 36.56
766 36.19
777 35.88
789 35.50
795 35.25
807 35.00
819 34.63
831 34.25
843 33.94
855 33.56
861 33.31
867 33.06
884 32.69
896 32.25
908 32.00
920 31.69
938 31.25
950 30.94
967 30.56
973 30.31
985 30.00
997 29.69
1003 29.44
1015 29.12
1033 28.87
1039 28.62
1051 28.31
1068 28.06
1074 27.81
1086 27.44
1098 27.19
1116 26.94
1128 26.69
1134 26.44
1146 26.19
1158 25.87
1169 25.56
1187 25.31
1199 25.06
1211 24.81
1229 24.50
1241 24.12
1253 23.87
1270 23.56
1282 23.31
1294 23.06
1306 22.81
1324 22.44
1336 22.19
1353 21.94
1365 21.62
1377 21.37
1395 21.06
1407 20.81
1425 20.44
1443 20.06
1460 19.81
1472 19.56
1496 19.19
1508 18.87
1526 18.62
1538 18.37
1549 18.12
1561 17.87
1585 17.56
1597 17.25
1615 17.00
1633 16.75
1644 16.50
1668 16.12
1680 15.88
1698 15.63
1716 15.38
1728 15.13
1751 14.88
1769 14.50
1829 14.25
1864 14.00
1894 13.75
1930 13.50
1959 13.19
1989 12.94
2013 12.69
2042 12.44
2066 12.19
2090 11.94
2108 11.69
2126 11.44
2143 11.19
2161 10.94
2179 10.69
2197 10.38
2209 10.13
2232 9.88
2262 9.63
2292 9.38
2327 9.13
2345 8.81
2363 8.50
2381 8.25
2417 8.00
2458 7.69
2482 7.44
2506 7.19
2535 6.94
2559 6.69
2583 6.44
2613 6.19
2642 5.94
2666 5.69
2696 5.44
2731 5.19
2761 4.88
2797 4.63
2814 4.38
2844 4.13
2862 3.88
2910 3.63
2933 3.38
2951 3.13
2999 2.88
3028 2.56
3058 2.31
3106 2.06
3129 1.81
3165 1.56
3201 1.31
3230 1.06
3272 0.81
3313 0.56
3361 0.31
3408 0.00
-----------END---------
-----------END---------
0 75.12
5 74.69
11 74.31
17 73.87
23 73.31
29 72.75
35 71.94
41 71.19
47 70.69
53 70.06
59 69.50
65 68.81
71 68.19
77 67.69
83 67.19
89 66.69
95 66.31
100 65.87
106 65.56
112 65.25
118 64.87
124 64.37
130 64.00
136 63.63
142 63.25
148 62.81
154 62.44
160 62.06
166 61.69
172 61.31
178 60.94
184 60.63
190 60.19
195 59.88
201 59.50
207 59.00
213 58.63
225 58.25
231 58.00
237 57.63
243 57.25
249 56.81
255 56.50
261 56.19
267 55.81
273 55.56
279 55.31
291 54.75
296 54.44
302 54.19
308 53.88
314 53.50
320 53.13
332 52.75
338 52.50
344 52.19
350 51.81
362 51.44
368 51.06
374 50.81
380 50.44
391 50.06
397 49.75
403 49.44
409 49.19
421 48.81
427 48.56
439 48.13
445 47.88
457 47.38
469 47.00
481 46.63
487 46.31
492 46.00
498 45.75
504 45.44
510 45.13
516 44.88
528 44.56
534 44.31
546 44.00
564 43.63
570 43.38
576 43.13
582 42.88
587 42.63
599 42.25
611 42.00
623 41.69
635 41.25
641 41.00
653 40.69
665 40.19
677 39.88
682 39.63
694 39.38
700 39.06
706 38.81
718 38.50
730 38.06
742 37.75
760 37.31
766 37.06
783 36.69
789 36.31
807 35.81
825 35.56
837 35.31
849 35.00
861 34.69
872 34.31
878 34.06
890 33.81
908 33.50
920 33.25
932 32.94
944 32.69
956 32.31
967 32.00
979 31.69
991 31.44
1003 31.19
1021 30.81
1039 30.56
1051 30.25
1062 30.00
1086 29.56
1104 29.31
1116 29.06
1128 28.75
1146 28.44
1157 28.19
1169 27.94
1181 27.69
1199 27.44
1211 27.19
1229 26.94
1247 26.62
1258 26.37
1276 26.12
1288 25.87
1306 25.56
1318 25.31
1342 25.06
1353 24.81
1377 24.50
1389 24.19
1401 23.94
1413 23.69
1437 23.44
1454 23.12
1466 22.87
1484 22.62
1508 22.31
1520 22.06
1543 21.75
1573 21.50
1585 21.19
1603 20.94
1627 20.69
1638 20.44
1656 20.19
1668 19.94
1686 19.69
1704 19.44
1716 19.19
1757 18.94
1781 18.69
1793 18.37
1805 18.12
1829 17.87
1846 17.62
1870 17.37
1894 17.12
1906 16.87
1935 16.62
1959 16.31
1977 16.06
2007 15.81
2024 15.56
2042 15.31
2072 15.06
2096 14.75
2114 14.50
2131 14.25
2161 13.88
2191 13.63
2215 13.38
2244 13.13
2256 12.88
2292 12.63
2310 12.38
2327 12.13
2363 11.88
2387 11.63
2416 11.38
2428 11.13
2458 10.88
2482 10.63
2517 10.38
2541 10.13
2565 9.88
2583 9.63
2601 9.38
2666 9.13
2690 8.88
2719 8.63
2743 8.38
2773 8.13
2797 7.88
2820 7.63
2844 7.38
2874 7.13
2898 6.88
2927 6.63
2957 6.38
2981 6.13
3004 5.88
3034 5.63
3064 5.38
3094 5.13
3123 4.88
3153 4.63
3183 4.38
3206 4.13
3236 3.88
3266 3.63
3295 3.38
3319 3.13
3349 2.88
3373 2.63
3402 2.38
3426 2.13
3450 1.88
3474 1.63
3497 1.37
3521 1.06
3551 0.81
3616 0.56
3688 0.31
3759 0.00
-----------END---------
-----------END---------
0 79.00
5 78.69
11 78.25
17 77.75
23 77.44
29 77.12
35 76.69
41 76.19
47 75.62
53 75.12
59 74.50
65 74.00
71 73.56
77 73.06
83 72.56
89 72.00
95 71.56
100 71.12
106 70.69
112 70.25
118 69.75
124 69.37
130 68.94
136 68.56
142 68.19
148 67.75
154 67.31
160 66.94
166 66.56
172 66.12
178 65.81
184 65.44
190 65.06
196 64.75
201 64.44
207 64.06
213 63.56
219 63.19
225 62.88
231 62.63
237 62.31
243 61.94
249 61.63
255 61.38
261 61.13
267 60.81
273 60.50
279 60.13
285 59.75
291 59.44
296 59.19
302 58.94
308 58.69
314 58.38
320 58.00
326 57.63
332 57.38
338 57.06
350 56.63
356 56.31
362 56.06
368 55.81
374 55.56
380 55.31
386 55.00
391 54.69
397 54.44
409 54.00
415 53.69
421 53.38
427 53.13
433 52.88
439 52.63
445 52.38
451 52.13
457 51.88
463 51.63
469 51.38
475 51.13
487 50.81
492 50.56
498 50.31
504 50.06
510 49.81
516 49.56
528 49.19
540 48.88
552 48.44
564 48.06
576 47.63
587 47.19
593 46.94
599 46.69
611 46.31
623 46.06
635 45.69
647 45.31
659 44.94
671 44.56
677 44.31
688 43.94
700 43.50
712 43.19
724 42.88
736 42.50
748 42.19
760 41.88
772 41.56
783 41.25
795 40.88
807 40.56
819 40.13
831 39.81
843 39.50
855 39.19
867 38.88
878 38.56
890 38.31
902 38.00
914 37.69
926 37.38
938 37.06
950 36.81
962 36.50
973 36.25
985 35.94
997 35.69
1015 35.31
1027 35.00
1039 34.75
1051 34.50
1062 34.13
1080 33.81
1092 33.56
1104 33.31
1116 33.06
1128 32.81
1140 32.56
1152 32.25
1169 31.94
1187 31.62
1199 31.37
1211 31.12
1223 30.87
1235 30.62
1252 30.31
1264 30.06
1276 29.75
1288 29.44
1306 29.19
1324 28.87
1342 28.50
1353 28.25
1371 27.94
1383 27.69
1401 27.44
1419 27.12
1431 26.87
1448 26.62
1466 26.31
1484 26.00
1496 25.75
1514 25.50
1532 25.25
1543 25.00
1561 24.69
1579 24.44
1603 24.12
1621 23.87
1633 23.62
1650 23.37
1668 23.12
1686 22.81
1704 22.56
1722 22.31
1739 22.00
1757 21.75
1775 21.44
1793 21.19
1811 20.94
1834 20.62
1852 20.37
1870 20.12
1888 19.81
1906 19.56
1929 19.25
1947 19.00
1971 18.75
1989 18.50
2007 18.25
2024 18.00
2042 17.75
2066 17.44
2084 17.19
2108 16.94
2125 16.69
2143 16.44
2161 16.19
2179 15.94
2203 15.63
2226 15.38
2250 15.06
2268 14.81
2292 14.56
2309 14.31
2339 14.00
2363 13.75
2381 13.50
2405 13.25
2422 13.00
2446 12.75
2470 12.50
2494 12.25
2517 11.94
2541 11.69
2565 11.44
2583 11.19
2606 10.94
2630 10.69
2660 10.44
2684 10.19
2707 9.94
2731 9.69
2755 9.44
2779 9.19
2802 8.94
2826 8.69
2856 8.44
2880 8.19
2903 7.94
2927 7.69
2957 7.44
2981 7.19
3010 6.94
3034 6.69
3064 6.44
3088 6.19
3117 5.94
3141 5.69
3171 5.44
3200 5.19
3236 4.94
3266 4.69
3295 4.44
3325 4.19
3361 3.94
3390 3.69
3420 3.44
3456 3.19
3491 2.94
3527 2.69
3563 2.44
3604 2.19
3646 1.94
3699 1.69
3753 1.44
3836 1.19
3967 0.94
4050 0.69
4121 0.44
4204 0.19
4240 0.00
-----------END---------
-----------END---------
0 77.87
5 77.56
11 77.19
17 76.75
23 76.44
29 75.81
35 75.06
41 74.50
47 74.00
53 73.37
59 72.75
65 72.19
71 71.75
77 71.37
83 70.94
89 70.31
95 69.87
100 69.44
106 69.00
112 68.56
118 68.25
124 67.87
130 67.50
136 66.94
142 66.56
148 66.19
154 65.75
160 65.37
166 64.94
172 64.56
178 64.19
184 63.75
190 63.38
195 63.00
201 62.63
207 62.13
213 61.75
225 61.19
231 60.88
237 60.56
243 60.13
249 59.81
255 59.44
261 59.00
267 58.75
279 58.25
285 57.88
291 57.63
296 57.31
302 57.00
308 56.75
314 56.44
320 56.13
326 55.88
332 55.56
338 55.19
350 54.69
356 54.44
362 54.06
368 53.81
374 53.56
380 53.31
391 52.75
403 52.31
409 51.94
415 51.69
421 51.44
433 51.06
439 50.81
445 50.56
451 50.25
457 49.94
469 49.44
481 49.13
487 48.88
492 48.56
504 48.25
510 47.94
522 47.50
528 47.25
534 46.94
546 46.50
552 46.25
564 45.94
570 45.69
576 45.44
582 45.19
587 44.94
599 44.56
605 44.31
611 44.06
623 43.81
635 43.38
641 43.13
653 42.81
665 42.44
677 42.00
688 41.63
694 41.38
706 41.06
718 40.75
730 40.50
742 40.06
754 39.69
766 39.31
783 38.94
789 38.69
801 38.31
813 37.94
825 37.63
837 37.31
849 37.00
867 36.69
872 36.44
884 36.13
896 35.81
908 35.44
920 35.19
932 34.81
944 34.44
962 34.13
973 33.81
985 33.56
997 33.31
1009 32.94
1021 32.56
1033 32.31
1045 32.06
1062 31.75
1074 31.44
1086 31.19
1098 30.87
1110 30.56
1122 30.25
1134 30.00
1152 29.69
1163 29.44
1175 29.12
1193 28.81
1205 28.56
1217 28.31
1229 28.06
1241 27.81
1253 27.50
1264 27.19
1288 26.87
1300 26.56
1312 26.31
1330 26.06
1342 25.75
1353 25.50
1365 25.19
1389 24.87
1401 24.62
1413 24.31
1437 24.06
1448 23.81
1460 23.56
1472 23.31
1490 23.06
1508 22.75
1532 22.50
1555 22.25
1579 22.00
1597 21.75
1621 21.50
1644 21.25
1662 21.00
1686 20.75
1710 20.50
1733 20.25
1757 20.00
1775 19.75
1799 19.50
1828 19.19
1852 18.94
1882 18.69
1906 18.44
1923 18.19
1947 17.94
1977 17.69
1995 17.44
2024 17.12
2054 16.87
2072 16.62
2102 16.37
2125 16.12
2155 15.88
2185 15.63
2209 15.38
2244 15.13
2274 14.88
2304 14.63
2327 14.38
2363 14.13
2393 13.88
2422 13.63
2458 13.38
2488 13.13
2517 12.88
2553 12.63
2583 12.38
2618 12.13
2654 11.88
2690 11.63
2725 11.38
2761 11.13
2796 10.88
2832 10.63
2868 10.38
2909 10.13
2945 9.88
2987 9.63
3028 9.38
3070 9.13
3117 8.88
3159 8.63
3200 8.38
3248 8.13
3289 7.88
3331 7.63
3378 7.38
3420 7.13
3450 6.88
3474 6.63
3491 6.38
3515 6.13
3539 5.88
3563 5.63
3592 5.38
3616 5.13
3652 4.88
3681 4.63
3711 4.38
3741 4.13
3776 3.88
3806 3.63
3842 3.38
3877 3.13
3913 2.88
3961 2.63
4014 2.38
4079 2.13
4151 1.88
4234 1.63
4323 1.37
4412 1.12
4495 0.88
4578 0.63
4667 0.37
4751 0.12
4768 0.00
-----------END---------
-----------END---------
0 86.06
5 85.12
11 84.44
17 83.81
23 83.06
29 82.44
35 81.75
41 81.00
47 80.31
53 79.56
59 78.81
65 78.00
71 77.37
77 76.75
83 76.12
89 75.56
95 74.94
100 74.37
106 73.87
112 73.37
118 72.87
124 72.37
130 71.81
136 71.31
142 70.87
148 70.31
154 69.87
160 69.44
166 68.87
172 68.50
178 68.00
184 67.56
190 67.12
196 66.81
201 66.37
207 65.94
213 65.56
219 65.19
225 64.75
231 64.44
237 64.00
243 63.69
249 63.31
255 62.94
261 62.63
267 62.31
273 62.00
279 61.63
285 61.19
291 60.88
296 60.63
302 60.31
308 60.06
314 59.75
320 59.44
326 59.13
332 58.88
338 58.56
344 58.31
350 58.00
356 57.75
362 57.44
368 57.19
374 56.94
380 56.63
386 56.31
391 56.06
397 55.81
403 55.50
409 55.19
415 54.94
421 54.63
427 54.31
439 53.88
451 53.44
457 53.13
463 52.88
469 52.63
475 52.38
481 52.13
492 51.75
498 51.50
510 51.06
516 50.81
522 50.44
528 50.13
534 49.88
546 49.44
552 49.19
558 48.94
564 48.69
570 48.31
576 48.00
582 47.75
587 47.50
593 47.25
605 46.88
611 46.63
623 46.13
629 45.88
635 45.63
647 45.25
653 45.00
665 44.63
671 44.31
677 44.06
688 43.75
694 43.50
706 42.94
718 42.56
730 42.13
742 41.75
748 41.50
760 41.13
772 40.81
778 40.56
789 40.25
801 39.88
807 39.63
819 39.19
825 38.94
837 38.69
849 38.31
861 37.94
873 37.56
884 37.25
896 36.94
908 36.63
914 36.38
926 36.13
938 35.75
950 35.31
962 35.06
973 34.81
985 34.50
997 34.25
1009 34.00
1021 33.63
1033 33.31
1045 33.00
1063 32.56
1068 32.31
1080 32.06
1098 31.69
1110 31.37
1128 31.06
1140 30.75
1152 30.44
1163 30.19
1175 29.81
1193 29.44
1205 29.12
1223 28.75
1235 28.44
1247 28.19
1258 27.94
1270 27.62
1288 27.31
1300 26.94
1318 26.56
1330 26.25
1348 25.94
1365 25.69
1377 25.44
1389 25.19
1401 24.94
1419 24.56
1437 24.31
1454 24.06
1478 23.75
1490 23.50
1502 23.25
1514 23.00
1526 22.75
1538 22.50
1555 22.19
1567 21.94
1585 21.69
1603 21.44
1615 21.19
1639 20.94
1656 20.62
1674 20.37
1686 20.12
1698 19.87
1710 19.62
1728 19.37
1745 19.12
1763 18.81
1781 18.56
1799 18.31
1817 18.06
1834 17.75
1858 17.44
1876 17.19
1894 16.94
1912 16.69
1930 16.44
1953 16.12
1977 15.81
2001 15.50
2019 15.25
2042 15.00
2060 14.75
2078 14.50
2102 14.25
2120 14.00
2143 13.75
2167 13.50
2185 13.25
2209 13.00
2226 12.75
2250 12.50
2274 12.25
2298 12.00
2316 11.75
2339 11.50
2363 11.25
2387 11.00
2416 10.75
2434 10.50
2464 10.25
2488 10.00
2512 9.75
2535 9.50
2565 9.25
2589 9.00
2618 8.75
2642 8.50
2666 8.25
2696 8.00
2725 7.75
2749 7.50
2779 7.25
2808 7.00
2838 6.75
2868 6.50
2898 6.25
2927 6.00
2957 5.75
2987 5.50
3016 5.25
3052 5.00
3082 4.75
3111 4.50
3141 4.25
3177 4.00
3206 3.75
3242 3.50
3278 3.25
3307 3.00
3349 2.75
3385 2.50
3414 2.25
3450 2.00
3480 1.75
3503 1.50
3533 1.25
3563 1.00
3598 0.75
3622 0.50
3652 0.25
3705 0.00
-----------END---------
-----------END---------
0 87.69
5 86.50
11 85.94
17 85.37
23 84.81
29 84.25
35 83.56
41 82.87
47 82.06
53 81.44
59 80.75
65 80.06
71 79.44
77 78.87
83 78.37
89 77.81
95 77.31
100 76.75
106 76.19
112 75.62
118 75.06
124 74.50
130 73.87
136 73.44
142 72.87
148 72.37
154 71.87
160 71.37
166 70.94
172 70.50
178 70.06
184 69.62
190 69.19
196 68.75
201 68.25
207 67.81
213 67.37
219 67.00
225 66.56
231 66.12
237 65.75
243 65.31
249 65.00
255 64.62
261 64.19
267 63.75
273 63.44
279 63.06
285 62.69
291 62.38
296 62.06
302 61.75
308 61.44
314 61.00
320 60.63
326 60.25
332 59.88
338 59.56
344 59.25
350 58.88
356 58.63
362 58.31
368 58.06
374 57.75
380 57.44
386 57.06
391 56.75
397 56.38
403 56.13
409 55.88
415 55.63
421 55.31
427 55.06
433 54.75
439 54.50
445 54.19
451 53.94
457 53.63
463 53.38
469 53.13
475 52.88
481 52.63
487 52.31
492 52.06
498 51.75
504 51.50
510 51.25
516 51.00
522 50.69
528 50.44
534 50.19
546 49.75
552 49.50
564 49.06
570 48.81
576 48.56
582 48.31
587 48.06
599 47.63
611 47.25
617 46.94
629 46.50
635 46.25
647 45.88
659 45.50
665 45.25
677 44.88
682 44.63
694 44.25
706 43.81
718 43.38
730 43.00
742 42.56
754 42.25
766 41.88
777 41.50
783 41.25
795 40.81
807 40.44
819 40.06
831 39.69
843 39.31
855 38.94
867 38.50
878 38.13
890 37.81
902 37.50
914 37.13
926 36.81
938 36.44
950 36.13
962 35.81
973 35.44
985 35.13
997 34.81
1009 34.50
1021 34.13
1033 33.75
1045 33.44
1057 33.19
1068 32.88
1080 32.50
1092 32.25
1104 31.94
1116 31.62
1128 31.37
1140 31.06
1152 30.75
1163 30.44
1175 30.12
1187 29.87
1199 29.62
1211 29.37
1223 29.06
1235 28.81
1247 28.56
1258 28.25
1270 28.00
1282 27.75
1294 27.50
1306 27.25
1318 27.00
1330 26.75
1342 26.44
1353 26.19
1365 25.94
1377 25.69
1395 25.31
1413 25.00
1431 24.69
1443 24.37
1454 24.12
1466 23.87
1484 23.56
1502 23.31
1514 23.06
1526 22.81
1538 22.56
1549 22.31
1561 22.06
1579 21.81
1597 21.50
1615 21.19
1627 20.94
1638 20.69
1650 20.44
1668 20.19
1686 19.87
1704 19.62
1722 19.31
1734 19.00
1745 18.75
1763 18.50
1781 18.25
1799 17.94
1823 17.62
1840 17.37
1858 17.06
1882 16.81
1900 16.56
1918 16.25
1935 16.00
1959 15.69
1977 15.44
2001 15.19
2019 14.94
2036 14.69
2054 14.44
2066 14.19
2090 13.94
2114 13.69
2131 13.44
2155 13.19
2173 12.94
2191 12.69
2209 12.44
2226 12.19
2250 11.94
2274 11.69
2298 11.44
2321 11.19
2339 10.94
2357 10.69
2375 10.44
2399 10.19
2422 9.94
2446 9.69
2470 9.44
2494 9.19
2512 8.94
2535 8.69
2559 8.44
2583 8.19
2607 7.88
2630 7.63
2654 7.38
2678 7.13
2707 6.88
2731 6.63
2761 6.38
2791 6.13
2820 5.88
2850 5.63
2886 5.38
2915 5.13
2951 4.88
2981 4.63
3016 4.38
3046 4.13
3082 3.88
3105 3.63
3141 3.38
3177 3.13
3206 2.88
3242 2.63
3284 2.38
3319 2.13
3355 1.88
3391 1.63
3420 1.37
3462 1.12
3533 0.88
3676 0.63
3747 0.37
3824 0.12
3842 0.00
-----------END---------
-----------END---------
