0 17.81
18 17.50
30 17.19
42 16.87
54 16.62
71 16.31
89 16.00
107 15.69
125 15.44
143 15.19
161 14.94
178 14.69
202 14.44
226 14.19
250 13.94
279 13.69
303 13.44
327 13.19
357 12.94
380 12.69
404 12.44
434 12.19
464 11.94
487 11.69
517 11.44
547 11.19
576 10.94
606 10.69
636 10.44
665 10.19
695 9.94
731 9.69
761 9.44
790 9.19
826 8.94
856 8.69
891 8.44
927 8.19
962 7.94
992 7.69
1028 7.44
1063 7.19
1099 6.94
1135 6.69
1170 6.44
1212 6.19
1260 5.94
1301 5.69
1343 5.44
1384 5.19
1426 4.94
1467 4.69
1515 4.44
1557 4.19
1598 3.94
1646 3.69
1681 3.44
1717 3.19
1753 2.94
1782 2.69
1818 2.44
1854 2.19
1883 1.94
1919 1.69
1960 1.44
2002 1.19
2056 0.94
2210 0.69
2323 0.44
2400 0.19
2442 0.00
-----------END---------
-----------END---------
0 20.12
71 19.87
83 19.62
95 19.37
107 19.06
119 18.75
137 18.44
155 18.12
166 17.87
184 17.62
202 17.37
220 17.06
244 16.81
261 16.56
279 16.25
297 16.00
327 15.69
351 15.44
368 15.19
392 14.88
416 14.63
440 14.31
463 14.06
487 13.81
505 13.56
523 13.31
552 13.06
576 12.81
606 12.50
624 12.25
653 12.00
665 11.75
707 11.50
731 11.25
760 11.00
784 10.75
802 10.50
826 10.25
861 10.00
903 9.69
933 9.44
956 9.19
986 8.88
1016 8.63
1045 8.38
1069 8.13
1105 7.88
1135 7.63
1164 7.38
1188 7.13
1218 6.88
1253 6.63
1277 6.38
1313 6.13
1342 5.88
1372 5.63
1408 5.38
1437 5.13
1473 4.88
1503 4.63
1538 4.38
1568 4.13
1598 3.88
1634 3.63
1669 3.38
1705 3.13
1740 2.88
1782 2.63
1824 2.38
1865 2.13
1913 1.88
1996 1.63
2085 1.37
2245 1.12
2334 0.88
2418 0.63
2507 0.37
2596 0.12
2614 0.00
-----------END---------
-----------END---------
0 24.69
36 24.37
48 24.12
60 23.87
71 23.56
83 23.31
95 23.06
113 22.75
125 22.50
137 22.25
155 21.94
172 21.69
190 21.37
202 21.12
220 20.87
238 20.62
250 20.37
267 20.12
285 19.87
309 19.56
327 19.31
345 19.06
362 18.81
380 18.56
398 18.31
422 18.06
440 17.81
463 17.56
487 17.25
511 17.00
535 16.75
552 16.50
576 16.19
600 15.94
618 15.69
647 15.38
671 15.13
689 14.88
719 14.63
737 14.38
754 14.13
778 13.88
802 13.63
826 13.38
843 13.13
861 12.88
885 12.63
915 12.31
950 12.06
968 11.81
992 11.56
1022 11.31
1045 11.06
1075 10.75
1105 10.50
1134 10.25
1164 9.94
1200 9.69
1229 9.44
1247 9.19
1271 8.94
1301 8.69
1330 8.44
1360 8.19
1384 7.94
1402 7.69
1443 7.44
1479 7.19
1509 6.94
1544 6.69
1580 6.44
1610 6.19
1633 5.94
1663 5.69
1693 5.44
1728 5.19
1764 4.94
1800 4.69
1835 4.44
1871 4.19
1901 3.94
1936 3.69
1972 3.44
2008 3.19
2043 2.94
2079 2.69
2120 2.44
2162 2.19
2204 1.94
2245 1.69
2287 1.44
2334 1.19
2394 0.94
2501 0.69
2619 0.44
2703 0.19
2738 0.00
-----------END---------
-----------END---------
0 36.94
18 36.56
30 36.13
42 35.75
54 35.50
65 35.25
77 35.00
89 34.63
101 34.38
113 34.13
131 33.81
143 33.50
161 33.19
172 32.88
184 32.63
196 32.38
208 32.13
220 31.87
238 31.62
256 31.31
267 31.06
279 30.75
297 30.50
315 30.19
333 29.87
351 29.56
362 29.31
374 29.00
392 28.75
404 28.50
422 28.25
434 27.94
451 27.62
469 27.37
481 27.12
499 26.87
517 26.62
535 26.37
552 26.06
570 25.81
588 25.56
600 25.31
618 25.06
636 24.75
653 24.50
671 24.25
683 24.00
701 23.69
719 23.44
742 23.12
760 22.87
784 22.62
802 22.31
820 22.06
837 21.81
861 21.56
879 21.31
903 21.06
921 20.75
938 20.50
968 20.19
992 19.94
1010 19.62
1033 19.37
1051 19.12
1075 18.87
1093 18.62
1117 18.25
1146 18.00
1170 17.69
1200 17.44
1218 17.19
1241 16.94
1265 16.69
1289 16.44
1307 16.19
1330 15.94
1354 15.69
1378 15.44
1402 15.19
1414 14.94
1443 14.69
1467 14.44
1491 14.19
1526 13.94
1556 13.69
1580 13.38
1604 13.13
1639 12.88
1657 12.63
1675 12.38
1710 12.13
1746 11.88
1776 11.56
1806 11.31
1829 11.06
1859 10.81
1889 10.56
1912 10.31
1948 10.06
1972 9.81
2002 9.56
2037 9.31
2061 9.06
2091 8.81
2120 8.56
2156 8.31
2186 8.06
2215 7.81
2251 7.56
2287 7.31
2316 7.06
2346 6.81
2376 6.56
2411 6.31
2441 6.06
2477 5.81
2506 5.56
2542 5.31
2572 5.06
2607 4.81
2637 4.56
2673 4.31
2702 4.06
2738 3.81
2768 3.56
2803 3.31
2839 3.06
2869 2.81
2904 2.56
2946 2.31
2988 2.06
3041 1.81
3094 1.56
3160 1.31
3255 1.06
3386 0.81
3475 0.56
3552 0.31
3635 0.00
-----------END---------
-----------END---------
0 11.19
24 10.88
42 10.56
54 10.31
71 10.00
89 9.75
107 9.44
125 9.13
143 8.81
161 8.56
178 8.31
202 8.06
226 7.81
250 7.56
273 7.31
303 7.06
333 6.81
363 6.56
398 6.31
422 6.06
458 5.81
487 5.56
523 5.31
553 5.06
588 4.81
618 4.56
654 4.31
695 4.06
731 3.81
766 3.56
802 3.31
844 3.06
879 2.81
915 2.56
951 2.31
992 2.06
1034 1.81
1075 1.56
1117 1.31
1164 1.06
1218 0.81
1307 0.56
1456 0.31
1598 0.00
-----------END---------
-----------END---------
0 15.69
30 15.44
48 15.19
65 14.88
83 14.56
101 14.31
119 14.06
137 13.81
155 13.56
172 13.31
196 13.06
220 12.81
244 12.56
267 12.31
297 12.06
321 11.81
351 11.56
380 11.31
410 11.06
440 10.81
469 10.56
499 10.31
529 10.06
558 9.81
594 9.56
624 9.31
653 9.06
689 8.81
719 8.56
749 8.31
784 8.06
820 7.81
855 7.56
891 7.31
921 7.06
956 6.81
992 6.56
1028 6.31
1063 6.06
1099 5.81
1141 5.56
1176 5.31
1212 5.06
1253 4.81
1295 4.56
1337 4.31
1378 4.06
1420 3.81
1461 3.56
1497 3.31
1539 3.06
1580 2.81
1628 2.56
1669 2.31
1711 2.06
1764 1.81
1818 1.56
1889 1.31
2032 1.06
2156 0.81
2245 0.56
2329 0.31
2418 0.00
-----------END---------
-----------END---------
0 29.12
18 28.81
36 28.56
48 28.31
60 28.06
71 27.81
89 27.50
101 27.25
119 26.94
131 26.69
149 26.37
166 26.06
184 25.75
202 25.44
220 25.19
238 24.87
256 24.62
273 24.31
291 24.06
309 23.81
327 23.50
345 23.25
362 23.00
380 22.75
398 22.50
416 22.25
434 22.00
452 21.75
469 21.50
487 21.25
505 21.00
523 20.75
547 20.50
564 20.25
582 20.00
600 19.75
624 19.44
648 19.19
665 18.94
683 18.69
707 18.44
731 18.19
748 17.94
766 17.69
790 17.44
814 17.19
838 16.87
861 16.62
885 16.37
909 16.12
927 15.88
956 15.63
980 15.38
1004 15.13
1022 14.88
1051 14.63
1075 14.38
1099 14.13
1123 13.88
1146 13.63
1176 13.38
1200 13.13
1230 12.88
1253 12.63
1283 12.38
1307 12.13
1331 11.88
1360 11.63
1390 11.38
1420 11.13
1443 10.88
1473 10.63
1503 10.38
1532 10.13
1556 9.88
1586 9.63
1622 9.38
1651 9.13
1681 8.88
1711 8.63
1746 8.38
1776 8.13
1806 7.88
1841 7.63
1877 7.38
1913 7.13
1942 6.88
1978 6.63
2014 6.38
2049 6.13
2085 5.88
2115 5.63
2150 5.38
2192 5.13
2227 4.88
2257 4.63
2293 4.38
2334 4.13
2370 3.88
2412 3.63
2459 3.38
2507 3.13
2554 2.88
2596 2.63
2643 2.38
2691 2.13
2744 1.88
2804 1.63
2863 1.37
2964 1.12
3065 0.88
3148 0.63
3237 0.37
3326 0.12
3344 0.00
-----------END---------
-----------END---------
0 39.25
30 38.94
36 38.69
42 38.44
54 38.06
65 37.75
77 37.44
89 37.19
101 36.88
113 36.50
125 36.19
137 35.88
149 35.56
161 35.31
172 35.00
184 34.75
196 34.44
208 34.19
220 33.88
232 33.63
244 33.31
256 33.06
267 32.81
279 32.56
291 32.31
303 32.06
315 31.81
327 31.56
339 31.31
351 31.06
362 30.81
374 30.56
386 30.31
404 29.94
422 29.62
434 29.37
451 29.06
463 28.81
481 28.50
493 28.25
511 27.94
529 27.62
547 27.31
564 27.00
576 26.75
594 26.50
612 26.19
630 25.87
647 25.56
665 25.25
683 25.00
701 24.69
719 24.44
737 24.12
754 23.87
772 23.56
790 23.31
808 23.06
826 22.75
843 22.50
867 22.19
885 21.94
903 21.69
921 21.44
938 21.12
956 20.87
974 20.62
998 20.31
1022 20.00
1039 19.75
1057 19.50
1081 19.19
1105 18.94
1123 18.69
1146 18.37
1164 18.12
1188 17.87
1206 17.62
1229 17.37
1247 17.12
1271 16.87
1289 16.62
1313 16.37
1330 16.12
1354 15.88
1378 15.56
1402 15.31
1425 15.06
1449 14.81
1473 14.56
1497 14.31
1515 14.06
1538 13.81
1562 13.56
1592 13.31
1610 13.06
1639 12.81
1663 12.56
1687 12.31
1711 12.06
1740 11.81
1764 11.56
1788 11.31
1818 11.06
1841 10.81
1871 10.56
1895 10.31
1918 10.06
1948 9.81
1978 9.56
2008 9.31
2037 9.06
2067 8.81
2091 8.56
2120 8.31
2150 8.06
2180 7.81
2215 7.56
2245 7.31
2275 7.06
2305 6.81
2334 6.56
2364 6.31
2400 6.06
2429 5.81
2459 5.56
2495 5.31
2524 5.06
2560 4.81
2590 4.56
2619 4.31
2655 4.06
2685 3.81
2720 3.56
2762 3.31
2798 3.06
2845 2.81
2887 2.56
2934 2.31
2988 2.06
3047 1.81
3101 1.56
3219 1.31
3344 1.06
3427 0.81
3510 0.56
3588 0.31
3665 0.00
-----------END---------
-----------END---------
0 43.63
12 43.88
36 43.63
48 43.38
60 43.00
65 42.75
77 42.38
89 42.06
101 41.75
113 41.44
125 41.19
137 40.88
155 40.56
166 40.31
178 40.06
190 39.75
202 39.50
214 39.25
226 39.00
244 38.63
256 38.38
273 38.13
285 37.88
297 37.63
309 37.38
321 37.13
339 36.81
351 36.56
362 36.31
380 36.00
398 35.69
416 35.44
434 35.13
451 34.81
469 34.50
487 34.19
505 33.94
517 33.69
535 33.44
552 33.19
570 32.88
588 32.56
606 32.31
624 32.06
636 31.81
653 31.56
671 31.31
689 31.00
707 30.75
731 30.44
748 30.19
766 29.94
784 29.69
808 29.44
826 29.12
843 28.87
861 28.62
885 28.31
909 28.06
927 27.81
950 27.50
974 27.19
998 26.94
1022 26.69
1039 26.44
1063 26.12
1087 25.87
1111 25.62
1134 25.37
1152 25.12
1176 24.87
1200 24.62
1217 24.37
1241 24.12
1265 23.87
1283 23.62
1301 23.37
1318 23.06
1336 22.81
1354 22.50
1378 22.19
1402 21.94
1419 21.69
1437 21.44
1461 21.12
1479 20.87
1497 20.62
1526 20.37
1544 20.12
1568 19.87
1592 19.62
1609 19.37
1633 19.12
1663 18.87
1681 18.62
1704 18.37
1728 18.12
1752 17.87
1776 17.62
1799 17.37
1823 17.12
1847 16.87
1871 16.62
1895 16.37
1912 16.12
1942 15.88
1966 15.63
1995 15.38
2019 15.13
2043 14.88
2067 14.63
2096 14.38
2120 14.13
2150 13.81
2180 13.56
2203 13.31
2233 13.06
2263 12.81
2287 12.56
2316 12.31
2346 12.06
2376 11.81
2405 11.50
2435 11.25
2465 11.00
2494 10.75
2518 10.50
2548 10.25
2578 10.00
2613 9.75
2643 9.50
2673 9.25
2696 9.00
2726 8.75
2756 8.50
2785 8.25
2815 8.00
2851 7.75
2880 7.50
2910 7.25
2946 7.00
2981 6.75
3011 6.50
3047 6.25
3076 6.00
3112 5.75
3148 5.50
3177 5.25
3219 5.00
3249 4.75
3284 4.50
3320 4.25
3356 4.00
3391 3.75
3427 3.50
3463 3.25
3498 3.00
3534 2.75
3569 2.50
3623 2.25
3682 2.00
3760 1.75
3843 1.50
4009 1.25
4110 1.00
4205 0.75
4294 0.50
4383 0.25
4460 0.00
-----------END---------
-----------END---------
0 56.06
18 55.81
30 55.38
42 55.00
48 54.75
54 54.44
60 54.06
65 53.69
71 53.38
77 53.06
83 52.81
89 52.50
95 52.25
101 52.00
107 51.69
113 51.38
119 51.13
125 50.88
137 50.38
149 49.88
155 49.56
161 49.31
166 49.00
172 48.69
184 48.25
196 47.88
208 47.44
214 47.19
226 46.81
232 46.56
238 46.31
244 46.06
256 45.69
267 45.25
273 45.00
285 44.63
297 44.31
309 43.94
315 43.69
321 43.44
333 43.06
345 42.69
356 42.38
368 42.00
380 41.63
392 41.19
398 40.94
410 40.56
422 40.19
434 39.88
446 39.50
457 39.13
469 38.75
481 38.44
493 38.13
505 37.81
517 37.44
529 37.06
541 36.75
552 36.38
564 36.06
576 35.75
588 35.44
600 35.06
612 34.75
624 34.50
636 34.19
647 33.94
659 33.69
671 33.38
683 33.00
695 32.75
713 32.44
725 32.13
737 31.81
748 31.50
766 31.19
778 30.94
790 30.62
802 30.37
820 30.00
832 29.75
843 29.50
855 29.25
867 28.94
885 28.62
897 28.37
909 28.12
921 27.81
938 27.56
950 27.31
962 27.06
974 26.81
986 26.56
998 26.31
1010 26.06
1028 25.75
1039 25.50
1051 25.25
1075 24.94
1087 24.62
1099 24.37
1111 24.06
1128 23.81
1146 23.56
1164 23.25
1182 22.94
1194 22.69
1212 22.44
1223 22.19
1241 21.94
1253 21.69
1265 21.44
1289 21.12
1301 20.87
1318 20.62
1342 20.37
1354 20.12
1372 19.87
1384 19.62
1396 19.37
1414 19.12
1425 18.87
1449 18.62
1467 18.31
1485 18.06
1503 17.81
1514 17.56
1538 17.31
1562 17.06
1586 16.75
1604 16.44
1621 16.12
1639 15.88
1663 15.63
1681 15.38
1705 15.13
1728 14.88
1746 14.63
1758 14.31
1776 14.06
1805 13.81
1835 13.56
1853 13.31
1877 13.06
1895 12.81
1912 12.50
1936 12.25
1960 12.00
1990 11.75
2013 11.50
2037 11.25
2049 11.00
2073 10.75
2091 10.50
2120 10.25
2144 10.00
2168 9.75
2186 9.50
2215 9.25
2251 9.00
2263 8.75
2292 8.44
2328 8.19
2352 7.94
2382 7.69
2411 7.44
2435 7.19
2459 6.94
2483 6.69
2512 6.44
2530 6.19
2560 5.94
2595 5.69
2625 5.44
2655 5.19
2673 4.94
2714 4.69
2750 4.44
2780 4.19
2815 3.94
2851 3.69
2886 3.44
2916 3.19
2952 2.94
2987 2.69
3023 2.44
3059 2.19
3100 1.94
3136 1.69
3172 1.44
3207 1.19
3255 0.94
3320 0.69
3421 0.44
3516 0.19
3558 0.00
-----------END---------
-----------END---------
0 58.44
17 58.19
29 57.94
41 57.69
53 57.31
65 56.81
71 56.44
77 56.06
83 55.69
89 55.44
95 55.19
100 54.94
106 54.63
112 54.38
124 54.00
130 53.75
136 53.50
142 53.25
148 53.00
154 52.75
166 52.38
172 52.13
184 51.69
195 51.31
201 51.06
207 50.81
219 50.44
231 50.00
243 49.56
255 49.25
267 48.94
279 48.50
290 48.13
302 47.75
314 47.44
326 47.13
338 46.75
344 46.50
356 46.19
368 45.81
380 45.44
391 45.13
403 44.81
415 44.50
427 44.13
439 43.88
451 43.50
463 43.13
475 42.81
486 42.50
498 42.25
510 42.00
522 41.69
534 41.44
546 41.19
558 40.88
570 40.63
581 40.31
593 40.06
605 39.75
617 39.50
629 39.19
641 38.94
653 38.69
665 38.38
676 38.13
688 37.81
700 37.56
712 37.25
724 37.00
736 36.75
748 36.50
760 36.19
771 35.94
783 35.69
795 35.44
807 35.19
819 34.94
831 34.69
843 34.44
855 34.19
866 33.94
878 33.69
896 33.38
908 33.13
920 32.88
932 32.63
950 32.31
962 32.06
973 31.81
985 31.56
997 31.31
1015 31.00
1027 30.75
1045 30.44
1057 30.19
1074 29.87
1086 29.62
1098 29.37
1116 29.06
1134 28.75
1146 28.50
1163 28.25
1175 28.00
1193 27.69
1211 27.37
1229 27.06
1247 26.75
1264 26.50
1282 26.19
1300 25.87
1318 25.62
1336 25.37
1353 25.06
1371 24.81
1389 24.50
1407 24.25
1425 24.00
1443 23.69
1460 23.44
1478 23.19
1496 22.94
1514 22.69
1532 22.44
1549 22.19
1567 21.94
1585 21.69
1603 21.44
1621 21.19
1639 20.94
1656 20.69
1674 20.44
1692 20.19
1716 19.94
1734 19.69
1757 19.37
1775 19.12
1799 18.87
1817 18.62
1840 18.37
1858 18.12
1882 17.87
1900 17.62
1918 17.37
1941 17.12
1965 16.87
1989 16.62
2007 16.37
2030 16.12
2054 15.88
2072 15.63
2096 15.38
2126 15.06
2149 14.81
2173 14.56
2197 14.31
2221 14.06
2244 13.81
2268 13.56
2292 13.31
2322 13.06
2345 12.81
2369 12.56
2399 12.31
2422 12.06
2446 11.81
2476 11.56
2500 11.31
2529 11.06
2559 10.81
2583 10.56
2613 10.31
2642 10.06
2672 9.81
2696 9.56
2725 9.31
2755 9.06
2791 8.81
2820 8.56
2850 8.31
2880 8.06
2910 7.81
2945 7.56
2975 7.31
3005 7.06
3034 6.81
3070 6.56
3106 6.31
3141 6.06
3171 5.81
3207 5.56
3236 5.31
3272 5.06
3308 4.81
3343 4.56
3373 4.31
3414 4.06
3450 3.81
3486 3.56
3521 3.31
3563 3.06
3605 2.81
3646 2.56
3688 2.31
3741 2.06
3795 1.81
3860 1.56
3943 1.31
4086 1.06
4169 0.81
4252 0.56
4335 0.31
4412 0.00
-----------END---------
-----------END---------
0 63.31
17 62.88
23 62.56
29 62.19
35 61.69
41 61.19
47 60.81
53 60.44
59 60.06
65 59.69
71 59.44
77 59.19
83 58.94
89 58.63
95 58.38
100 58.06
106 57.69
112 57.38
118 57.00
124 56.75
130 56.44
136 56.19
142 55.88
148 55.56
154 55.25
160 54.88
166 54.56
172 54.25
184 53.88
190 53.63
195 53.38
201 53.06
207 52.81
213 52.56
219 52.31
225 52.06
237 51.63
249 51.19
261 50.75
267 50.44
273 50.13
279 49.88
285 49.63
296 49.25
302 49.00
308 48.69
320 48.25
332 47.88
338 47.63
350 47.25
356 47.00
362 46.75
368 46.50
374 46.19
386 45.81
391 45.56
403 45.19
415 44.81
421 44.56
433 44.13
445 43.81
457 43.50
463 43.25
475 42.88
486 42.44
492 42.19
504 41.75
516 41.44
528 41.19
540 40.88
552 40.56
558 40.31
570 40.00
582 39.69
593 39.31
605 38.94
617 38.63
629 38.31
641 37.94
653 37.63
665 37.25
677 36.94
688 36.63
700 36.38
712 36.06
724 35.81
736 35.50
748 35.13
760 34.69
772 34.44
783 34.19
801 33.81
813 33.56
825 33.25
837 33.00
849 32.69
861 32.44
872 32.19
884 31.87
902 31.56
914 31.25
926 30.94
938 30.69
950 30.44
962 30.12
973 29.81
991 29.56
1003 29.31
1015 29.00
1033 28.69
1045 28.37
1057 28.12
1068 27.87
1080 27.62
1092 27.37
1110 27.06
1122 26.81
1140 26.50
1152 26.19
1169 25.87
1187 25.56
1199 25.25
1217 24.94
1235 24.69
1253 24.37
1264 24.06
1282 23.81
1300 23.50
1312 23.25
1330 22.94
1348 22.69
1365 22.37
1377 22.06
1395 21.75
1413 21.44
1431 21.19
1448 20.94
1460 20.69
1478 20.44
1490 20.19
1508 19.94
1526 19.69
1544 19.37
1561 19.12
1585 18.87
1603 18.62
1621 18.31
1639 18.06
1656 17.81
1674 17.50
1698 17.19
1710 16.94
1734 16.69
1751 16.37
1781 16.06
1799 15.75
1823 15.50
1840 15.25
1858 15.00
1876 14.75
1894 14.50
1912 14.25
1935 14.00
1959 13.69
1977 13.44
2001 13.13
2019 12.88
2042 12.63
2060 12.38
2084 12.13
2102 11.88
2126 11.63
2143 11.38
2161 11.13
2185 10.88
2203 10.63
2226 10.38
2244 10.13
2268 9.88
2286 9.63
2310 9.38
2339 9.13
2363 8.81
2387 8.50
2411 8.25
2440 8.00
2458 7.75
2494 7.50
2523 7.25
2559 7.00
2618 6.75
2666 6.50
2708 6.25
2755 6.00
2797 5.75
2838 5.50
2886 5.25
2927 5.00
2969 4.75
3016 4.50
3064 4.25
3111 4.00
3159 3.75
3212 3.50
3266 3.25
3319 3.00
3367 2.75
3426 2.50
3486 2.25
3551 2.00
3622 1.75
3747 1.50
3866 1.25
3931 1.00
4002 0.75
4074 0.50
4139 0.25
4204 0.00
-----------END---------
-----------END---------
0 70.37
5 70.12
17 69.87
23 69.62
29 69.31
35 68.87
41 68.44
47 68.00
53 67.62
59 67.19
65 66.81
71 66.44
77 65.94
83 65.44
89 65.00
95 64.69
100 64.31
106 64.00
112 63.69
118 63.44
124 63.13
130 62.81
136 62.50
142 62.19
148 61.88
154 61.63
160 61.38
166 61.06
172 60.81
178 60.56
184 60.31
190 60.06
195 59.75
201 59.44
207 59.06
213 58.75
225 58.31
231 58.06
237 57.81
243 57.56
249 57.31
255 57.00
261 56.75
273 56.31
279 56.06
285 55.75
291 55.50
296 55.25
302 55.00
308 54.75
314 54.50
320 54.25
326 54.00
332 53.75
338 53.50
350 53.13
356 52.88
368 52.50
374 52.25
380 52.00
386 51.75
391 51.50
397 51.25
403 51.00
415 50.56
427 50.13
439 49.75
445 49.50
457 49.13
463 48.88
475 48.50
487 48.13
498 47.75
504 47.50
516 47.19
528 46.81
540 46.50
546 46.25
558 45.88
570 45.50
582 45.13
593 44.81
605 44.44
617 44.06
629 43.75
641 43.44
653 43.13
665 42.75
677 42.44
688 42.13
700 41.81
712 41.44
724 41.13
736 40.81
748 40.50
760 40.19
772 39.88
783 39.63
795 39.31
807 39.00
819 38.69
831 38.44
843 38.13
855 37.81
867 37.56
878 37.31
890 37.06
902 36.75
914 36.50
926 36.19
938 35.94
950 35.69
962 35.44
973 35.13
985 34.88
997 34.63
1009 34.38
1021 34.13
1033 33.88
1045 33.56
1057 33.31
1074 33.00
1086 32.75
1098 32.50
1110 32.25
1122 32.00
1140 31.69
1152 31.44
1169 31.12
1187 30.81
1199 30.56
1217 30.25
1235 29.94
1247 29.69
1258 29.44
1276 29.19
1294 28.87
1312 28.56
1330 28.25
1348 27.94
1365 27.62
1383 27.31
1401 27.06
1419 26.81
1437 26.50
1454 26.25
1466 26.00
1484 25.69
1502 25.44
1520 25.19
1538 24.94
1555 24.62
1573 24.37
1591 24.12
1609 23.87
1627 23.62
1644 23.37
1662 23.12
1680 22.81
1698 22.56
1722 22.25
1745 21.94
1769 21.62
1793 21.37
1811 21.06
1834 20.75
1852 20.50
1870 20.25
1888 20.00
1912 19.75
1929 19.50
1953 19.25
1977 19.00
1995 18.75
2019 18.50
2042 18.19
2066 17.94
2084 17.69
2108 17.44
2131 17.19
2155 16.94
2173 16.69
2197 16.44
2220 16.19
2244 15.94
2268 15.69
2292 15.44
2316 15.19
2333 14.94
2363 14.69
2387 14.44
2411 14.19
2434 13.94
2458 13.69
2488 13.44
2511 13.19
2541 12.94
2565 12.69
2595 12.44
2618 12.19
2648 11.94
2678 11.69
2702 11.44
2737 11.19
2767 10.94
2797 10.69
2826 10.44
2856 10.19
2880 9.94
2915 9.69
2939 9.44
2969 9.19
2999 8.94
3028 8.69
3058 8.44
3088 8.19
3111 7.94
3147 7.69
3177 7.44
3212 7.19
3242 6.94
3272 6.69
3307 6.44
3343 6.19
3379 5.94
3408 5.69
3444 5.44
3480 5.19
3509 4.94
3545 4.69
3581 4.44
3616 4.19
3658 3.94
3699 3.69
3741 3.44
3777 3.19
3818 2.94
3866 2.69
3907 2.44
3955 2.19
4008 1.94
4068 1.69
4127 1.44
4246 1.19
4341 0.94
4430 0.69
4513 0.44
4608 0.19
4656 0.00
-----------END---------
-----------END---------
0 76.81
5 76.12
11 75.81
17 75.50
23 75.12
29 74.75
35 74.19
41 73.50
47 72.81
53 72.25
59 71.81
65 71.44
71 71.06
77 70.50
83 70.00
89 69.50
95 69.12
100 68.69
106 68.31
112 67.94
118 67.50
124 67.06
130 66.62
136 66.19
142 65.87
148 65.50
154 65.12
160 64.81
166 64.50
172 64.12
178 63.75
184 63.44
190 63.13
201 62.56
207 62.19
213 61.88
219 61.56
225 61.25
231 60.88
237 60.50
243 60.25
249 60.00
255 59.69
261 59.38
267 59.06
273 58.81
279 58.50
285 58.19
291 57.94
296 57.69
302 57.38
308 57.00
314 56.75
320 56.44
326 56.19
332 55.94
338 55.63
344 55.38
350 55.06
356 54.81
362 54.50
368 54.19
380 53.81
386 53.56
391 53.31
397 53.06
403 52.81
409 52.56
421 52.13
427 51.81
433 51.50
439 51.25
451 50.88
457 50.63
469 50.25
475 50.00
481 49.75
487 49.50
498 49.13
510 48.69
522 48.25
534 47.88
540 47.63
552 47.25
564 46.88
570 46.63
576 46.38
587 46.00
599 45.56
611 45.19
623 44.88
629 44.63
641 44.25
653 43.88
659 43.63
671 43.25
682 42.94
694 42.63
706 42.19
718 41.81
730 41.50
736 41.25
742 41.00
754 40.69
766 40.44
777 40.13
789 39.75
801 39.44
813 39.13
825 38.75
837 38.50
849 38.19
861 37.88
872 37.56
884 37.25
896 36.94
908 36.63
920 36.38
932 36.06
944 35.81
950 35.56
962 35.25
973 35.00
985 34.75
997 34.44
1009 34.19
1021 33.94
1033 33.69
1045 33.38
1057 33.13
1068 32.88
1080 32.63
1092 32.38
1104 32.06
1122 31.75
1134 31.37
1146 31.12
1163 30.81
1175 30.50
1193 30.12
1211 29.81
1223 29.50
1241 29.19
1253 28.94
1270 28.62
1282 28.37
1294 28.12
1312 27.81
1330 27.50
1342 27.25
1359 26.94
1371 26.69
1389 26.37
1407 26.06
1419 25.81
1437 25.56
1449 25.31
1466 25.00
1478 24.75
1490 24.50
1502 24.25
1520 24.00
1538 23.75
1555 23.50
1573 23.25
1585 23.00
1597 22.75
1615 22.44
1633 22.19
1650 21.87
1662 21.62
1680 21.37
1698 21.12
1716 20.87
1728 20.62
1745 20.37
1763 20.06
1781 19.75
1817 19.50
1840 19.25
1864 19.00
1888 18.75
1912 18.50
1935 18.25
1959 18.00
1983 17.75
2007 17.44
2030 17.19
2054 16.94
2078 16.69
2102 16.44
2120 16.19
2137 15.88
2155 15.63
2179 15.38
2203 15.13
2221 14.88
2244 14.63
2280 14.31
2304 14.06
2327 13.81
2357 13.56
2369 13.31
2393 13.06
2417 12.81
2446 12.56
2470 12.31
2500 12.06
2523 11.81
2553 11.56
2583 11.25
2613 11.00
2636 10.75
2666 10.50
2690 10.25
2725 10.00
2755 9.75
2785 9.50
2814 9.19
2850 8.94
2880 8.69
2915 8.44
2945 8.19
2981 7.94
3011 7.69
3034 7.44
3070 7.19
3100 6.94
3129 6.69
3165 6.44
3195 6.19
3230 5.94
3260 5.69
3302 5.44
3331 5.19
3367 4.94
3408 4.69
3438 4.38
3480 4.13
3515 3.88
3557 3.63
3599 3.38
3634 3.13
3676 2.88
3717 2.63
3765 2.38
3812 2.13
3860 1.88
3937 1.63
4038 1.37
4198 1.12
4317 0.88
4418 0.63
4525 0.37
4632 0.12
4662 0.00
-----------END---------
-----------END---------
0 74.62
5 74.06
11 73.75
17 73.37
23 72.94
29 72.56
35 72.19
41 71.81
47 71.31
53 70.81
59 70.31
65 69.81
71 69.37
77 68.87
83 68.37
89 67.81
95 67.50
100 67.06
106 66.75
112 66.31
118 65.94
124 65.62
130 65.25
136 64.81
142 64.50
148 64.25
154 63.94
160 63.63
166 63.31
172 63.00
178 62.75
184 62.38
190 62.00
195 61.63
201 61.25
207 60.94
213 60.63
219 60.31
225 60.00
231 59.69
237 59.44
243 59.13
249 58.81
255 58.56
261 58.31
267 58.06
273 57.75
279 57.44
285 57.19
291 56.88
296 56.56
302 56.31
308 56.06
314 55.75
320 55.50
332 55.13
338 54.88
344 54.63
350 54.31
356 54.06
362 53.81
368 53.56
374 53.31
380 53.06
386 52.75
397 52.31
409 51.88
415 51.63
421 51.38
433 51.00
439 50.75
451 50.44
457 50.19
469 49.69
475 49.44
481 49.13
487 48.88
498 48.56
510 48.13
522 47.75
528 47.50
540 47.13
552 46.81
564 46.44
576 46.06
587 45.69
593 45.44
599 45.19
611 44.88
623 44.56
635 44.25
647 43.88
659 43.50
671 43.13
682 42.81
694 42.44
706 42.13
718 41.75
730 41.38
742 41.06
754 40.75
766 40.50
777 40.19
789 39.94
801 39.63
813 39.31
825 39.00
837 38.69
849 38.38
861 38.13
872 37.88
884 37.50
896 37.19
908 36.88
920 36.63
932 36.38
950 36.00
962 35.75
973 35.50
985 35.25
997 34.94
1009 34.69
1021 34.44
1033 34.19
1045 33.94
1057 33.63
1068 33.38
1080 33.13
1092 32.88
1110 32.56
1122 32.25
1140 31.94
1152 31.69
1169 31.37
1181 31.12
1193 30.87
1211 30.56
1223 30.31
1235 30.06
1247 29.81
1264 29.56
1282 29.25
1294 29.00
1312 28.75
1330 28.44
1348 28.19
1365 27.94
1383 27.62
1395 27.37
1407 27.12
1425 26.87
1443 26.62
1460 26.37
1478 26.06
1496 25.81
1508 25.56
1526 25.31
1543 25.06
1561 24.75
1579 24.50
1603 24.19
1621 23.94
1638 23.69
1650 23.44
1674 23.19
1692 22.94
1710 22.62
1728 22.37
1745 22.12
1763 21.87
1787 21.62
1805 21.37
1823 21.12
1840 20.87
1858 20.62
1876 20.37
1894 20.12
1918 19.87
1935 19.62
1959 19.37
1977 19.12
2001 18.87
2024 18.62
2042 18.37
2066 18.12
2090 17.87
2114 17.62
2131 17.31
2167 17.06
2191 16.81
2215 16.50
2232 16.25
2256 16.00
2286 15.75
2304 15.50
2333 15.25
2363 15.00
2393 14.75
2411 14.50
2440 14.19
2470 13.94
2500 13.63
2523 13.38
2553 13.13
2577 12.88
2595 12.63
2630 12.38
2660 12.13
2690 11.88
2713 11.63
2737 11.38
2773 11.13
2797 10.88
2820 10.63
2850 10.38
2880 10.13
2915 9.88
2945 9.63
2969 9.31
2999 9.06
3022 8.81
3052 8.56
3082 8.31
3117 8.06
3147 7.81
3177 7.56
3206 7.31
3236 7.06
3266 6.81
3295 6.56
3325 6.31
3355 6.06
3391 5.81
3420 5.56
3450 5.31
3491 5.06
3521 4.81
3557 4.56
3587 4.31
3616 4.06
3646 3.81
3676 3.56
3705 3.31
3735 3.06
3771 2.81
3800 2.56
3836 2.31
3866 2.06
3901 1.81
3943 1.56
3990 1.31
4050 1.06
4121 0.81
4222 0.56
4317 0.31
4388 0.00
-----------END---------
-----------END---------
0 79.12
5 78.44
11 78.00
17 77.69
23 77.25
29 76.87
35 76.44
41 75.87
47 75.37
53 74.75
59 74.12
65 73.56
71 73.12
77 72.62
83 72.19
89 71.75
95 71.25
100 70.81
106 70.37
112 70.06
118 69.69
124 69.31
130 68.94
136 68.56
142 68.12
148 67.75
154 67.31
160 66.94
166 66.56
172 66.25
178 65.87
184 65.50
190 65.06
196 64.62
201 64.31
207 63.94
213 63.56
219 63.25
225 63.00
231 62.69
237 62.38
243 62.06
249 61.69
255 61.44
261 61.13
267 60.81
273 60.50
279 60.19
285 59.81
291 59.50
296 59.19
302 58.94
308 58.69
314 58.44
326 58.00
338 57.56
344 57.25
350 56.94
356 56.63
362 56.31
368 56.06
374 55.75
380 55.50
386 55.25
391 54.94
397 54.69
403 54.44
409 54.19
421 53.81
427 53.56
433 53.31
439 53.06
445 52.81
457 52.38
469 52.00
475 51.75
487 51.31
498 50.88
510 50.44
522 50.00
534 49.63
546 49.19
558 48.81
570 48.44
582 48.00
587 47.75
599 47.38
611 47.06
623 46.69
635 46.25
647 45.94
659 45.56
671 45.19
682 44.81
694 44.44
706 44.19
718 43.81
730 43.50
742 43.19
754 42.88
766 42.63
777 42.31
789 41.94
801 41.63
813 41.31
825 41.06
837 40.69
849 40.38
855 40.13
867 39.81
878 39.56
890 39.31
902 39.00
914 38.75
926 38.44
938 38.13
950 37.88
962 37.63
973 37.38
985 37.06
997 36.75
1009 36.50
1021 36.25
1033 36.00
1045 35.75
1062 35.38
1074 35.13
1086 34.88
1104 34.56
1116 34.31
1128 34.06
1140 33.81
1157 33.50
1169 33.25
1181 33.00
1193 32.75
1211 32.44
1229 32.19
1241 31.94
1258 31.62
1270 31.37
1288 31.06
1300 30.81
1312 30.56
1330 30.25
1342 30.00
1359 29.75
1377 29.44
1395 29.12
1413 28.81
1431 28.56
1448 28.25
1466 27.94
1484 27.69
1502 27.44
1520 27.12
1538 26.81
1555 26.56
1573 26.25
1591 26.00
1609 25.75
1627 25.50
1644 25.25
1662 25.00
1680 24.75
1698 24.50
1716 24.25
1733 24.00
1751 23.75
1769 23.50
1787 23.25
1805 23.00
1823 22.75
1840 22.50
1864 22.19
1882 21.94
1906 21.62
1923 21.37
1947 21.06
1965 20.81
1989 20.50
2007 20.25
2030 20.00
2048 19.75
2072 19.44
2096 19.19
2114 18.94
2137 18.69
2155 18.44
2173 18.19
2197 17.94
2214 17.69
2238 17.44
2262 17.19
2280 16.94
2304 16.69
2321 16.44
2345 16.19
2369 15.94
2393 15.69
2410 15.44
2440 15.13
2464 14.88
2488 14.63
2511 14.38
2535 14.13
2559 13.88
2583 13.63
2606 13.38
2636 13.06
2666 12.75
2696 12.50
2719 12.25
2743 12.00
2773 11.75
2796 11.50
2820 11.25
2850 11.00
2874 10.75
2897 10.50
2921 10.25
2951 10.00
2981 9.75
3010 9.50
3034 9.25
3064 9.00
3093 8.75
3117 8.50
3153 8.25
3183 8.00
3212 7.75
3248 7.50
3278 7.25
3307 7.00
3343 6.75
3373 6.50
3408 6.25
3438 6.00
3474 5.75
3503 5.50
3539 5.25
3575 5.00
3616 4.75
3652 4.50
3687 4.25
3729 4.00
3771 3.75
3812 3.50
3848 3.25
3889 3.00
3937 2.75
3984 2.50
4038 2.25
4097 2.00
4169 1.75
4258 1.50
4359 1.25
4448 1.00
4531 0.75
4608 0.50
4697 0.25
4762 0.00
-----------END---------
-----------END---------
0 77.19
5 76.31
11 76.06
23 75.62
29 75.25
35 74.75
41 74.12
47 73.50
53 72.94
59 72.50
65 72.00
71 71.56
77 71.00
83 70.56
89 70.06
95 69.62
100 69.25
106 68.75
112 68.31
118 67.94
124 67.56
130 67.12
136 66.69
142 66.31
148 65.94
154 65.62
160 65.31
166 64.94
172 64.56
178 64.25
184 63.88
190 63.56
195 63.25
201 62.94
207 62.56
213 62.13
219 61.81
225 61.50
231 61.19
237 60.88
243 60.63
249 60.31
255 60.00
261 59.75
267 59.38
273 59.06
279 58.75
285 58.50
291 58.19
296 57.94
302 57.63
308 57.31
314 57.06
320 56.81
326 56.50
332 56.19
338 55.94
344 55.63
350 55.38
356 55.06
362 54.81
368 54.56
374 54.31
386 53.88
391 53.63
397 53.31
403 53.06
409 52.81
415 52.56
421 52.31
433 51.88
439 51.63
445 51.38
451 51.06
463 50.63
469 50.38
481 49.94
487 49.69
498 49.31
504 49.06
516 48.69
522 48.44
534 48.06
540 47.81
552 47.44
564 47.06
570 46.81
576 46.56
587 46.13
599 45.75
611 45.38
623 45.00
635 44.63
647 44.25
659 43.88
671 43.50
682 43.19
694 42.81
700 42.56
712 42.19
724 41.94
736 41.63
748 41.25
760 40.88
772 40.56
783 40.25
795 39.94
807 39.63
813 39.38
825 39.06
837 38.75
849 38.44
861 38.19
872 37.81
884 37.50
896 37.25
908 36.88
920 36.63
932 36.31
944 36.00
956 35.75
967 35.50
979 35.19
991 34.88
1003 34.63
1015 34.38
1027 34.06
1039 33.81
1057 33.44
1068 33.13
1080 32.88
1098 32.56
1110 32.25
1122 32.00
1134 31.75
1146 31.50
1157 31.25
1169 31.00
1181 30.75
1193 30.50
1211 30.19
1223 29.94
1235 29.69
1247 29.44
1258 29.19
1276 28.87
1288 28.62
1306 28.31
1318 28.06
1330 27.81
1348 27.50
1365 27.19
1377 26.94
1395 26.62
1407 26.37
1425 26.06
1443 25.75
1460 25.50
1478 25.19
1496 24.87
1514 24.62
1538 24.37
1555 24.06
1573 23.81
1591 23.56
1609 23.31
1633 23.00
1656 22.75
1674 22.50
1698 22.25
1716 22.00
1733 21.75
1757 21.50
1775 21.25
1799 21.00
1817 20.75
1840 20.50
1858 20.25
1876 20.00
1894 19.75
1912 19.50
1935 19.25
1959 19.00
1983 18.75
2007 18.50
2024 18.25
2048 18.00
2072 17.75
2096 17.50
2125 17.25
2149 17.00
2173 16.75
2197 16.50
2226 16.25
2250 16.00
2274 15.75
2298 15.50
2327 15.25
2357 15.00
2381 14.75
2405 14.50
2440 14.25
2470 14.00
2500 13.75
2529 13.50
2553 13.25
2589 13.00
2618 12.75
2654 12.50
2678 12.25
2719 12.00
2749 11.75
2785 11.50
2820 11.25
2856 11.00
2891 10.75
2927 10.50
2969 10.25
3004 10.00
3046 9.75
3082 9.50
3123 9.25
3171 9.00
3212 8.75
3260 8.50
3307 8.25
3355 8.00
3402 7.75
3450 7.50
3474 7.25
3497 7.00
3521 6.75
3551 6.50
3586 6.25
3622 6.00
3664 5.75
3699 5.50
3741 5.25
3776 5.00
3812 4.75
3848 4.50
3889 4.25
3925 4.00
3966 3.75
4008 3.50
4044 3.25
4085 3.00
4121 2.75
4168 2.50
4216 2.25
4275 2.00
4341 1.75
4412 1.50
4543 1.25
4661 1.00
4751 0.75
4834 0.50
4923 0.25
4988 0.00
-----------END---------
-----------END---------
0 84.37
5 83.75
11 83.31
17 82.75
23 82.37
29 81.87
35 81.31
41 80.62
47 79.94
53 79.25
59 78.56
65 77.87
71 77.19
77 76.56
83 75.94
89 75.44
95 74.94
100 74.37
106 73.81
112 73.25
118 72.69
124 72.25
130 71.75
136 71.25
142 70.75
148 70.31
154 69.94
160 69.50
166 69.06
172 68.62
178 68.19
184 67.75
190 67.37
196 67.00
201 66.62
207 66.19
213 65.87
219 65.50
225 65.06
231 64.69
237 64.25
243 63.94
249 63.50
255 63.13
261 62.75
267 62.44
273 62.13
279 61.81
285 61.50
291 61.19
296 60.88
302 60.56
308 60.13
314 59.81
320 59.50
326 59.13
332 58.88
338 58.56
344 58.25
356 57.81
362 57.56
368 57.25
374 57.00
380 56.69
386 56.31
391 56.06
397 55.75
403 55.50
409 55.25
415 54.94
421 54.69
427 54.44
439 54.06
445 53.81
451 53.56
457 53.31
463 53.06
469 52.81
475 52.56
481 52.31
492 51.81
504 51.31
510 51.06
516 50.75
528 50.25
534 50.00
540 49.69
546 49.44
552 49.19
558 48.94
564 48.69
570 48.44
576 48.19
587 47.75
599 47.31
611 46.94
617 46.69
623 46.38
635 46.00
641 45.75
647 45.50
653 45.25
659 45.00
671 44.63
682 44.25
694 43.88
700 43.63
712 43.19
718 42.94
730 42.50
742 42.06
748 41.81
760 41.50
772 41.06
783 40.69
795 40.31
807 39.94
819 39.56
831 39.19
843 38.88
855 38.56
867 38.25
878 38.00
890 37.69
902 37.38
914 37.13
926 36.88
938 36.56
950 36.25
962 35.94
973 35.63
985 35.31
997 35.00
1009 34.75
1021 34.44
1033 34.19
1045 33.88
1057 33.56
1068 33.25
1086 32.88
1098 32.56
1110 32.25
1122 31.94
1134 31.62
1146 31.31
1158 31.00
1169 30.62
1181 30.31
1199 30.00
1211 29.75
1223 29.44
1235 29.19
1253 28.87
1264 28.62
1276 28.37
1288 28.12
1300 27.87
1312 27.62
1324 27.37
1336 27.06
1353 26.75
1371 26.44
1389 26.12
1407 25.87
1425 25.56
1437 25.31
1454 25.06
1466 24.81
1478 24.56
1490 24.31
1508 24.00
1526 23.62
1544 23.31
1555 23.06
1573 22.81
1591 22.50
1609 22.25
1627 21.94
1644 21.69
1662 21.44
1680 21.19
1692 20.94
1710 20.62
1722 20.37
1739 20.12
1757 19.87
1781 19.56
1799 19.31
1817 19.06
1829 18.81
1846 18.56
1864 18.31
1882 18.06
1900 17.81
1918 17.56
1941 17.31
1959 17.06
1971 16.81
1989 16.56
2007 16.31
2030 16.06
2054 15.81
2072 15.56
2090 15.31
2102 15.06
2131 14.81
2149 14.50
2167 14.25
2191 14.00
2209 13.75
2238 13.50
2256 13.25
2280 12.94
2310 12.69
2333 12.44
2357 12.19
2381 11.94
2399 11.63
2422 11.38
2452 11.06
2482 10.75
2506 10.50
2529 10.25
2553 10.00
2577 9.69
2601 9.44
2636 9.13
2654 8.88
2702 8.63
2713 8.38
2743 8.13
2773 7.88
2791 7.63
2832 7.38
2850 7.13
2880 6.88
2909 6.63
2933 6.38
2963 6.13
2987 5.88
3016 5.63
3046 5.38
3076 5.13
3105 4.88
3129 4.63
3159 4.38
3189 4.13
3224 3.88
3254 3.63
3284 3.38
3313 3.13
3349 2.88
3379 2.63
3408 2.38
3444 2.13
3480 1.88
3509 1.63
3539 1.37
3575 1.12
3616 0.88
3676 0.63
3753 0.37
3860 0.12
3884 0.00
-----------END---------
-----------END---------
0 87.87
5 86.75
11 86.31
17 85.69
23 85.00
29 84.19
35 83.31
41 82.50
47 81.81
53 81.06
59 80.37
65 79.69
71 79.12
77 78.50
83 77.87
89 77.37
95 76.87
100 76.25
106 75.75
112 75.06
118 74.56
124 74.00
130 73.56
136 73.06
142 72.62
148 72.12
154 71.62
160 71.06
166 70.56
172 70.19
178 69.69
184 69.37
190 68.94
196 68.56
201 68.12
207 67.69
213 67.19
219 66.69
225 66.25
231 65.81
237 65.44
243 65.06
249 64.69
255 64.25
261 64.00
267 63.63
273 63.19
279 62.81
285 62.50
291 62.13
296 61.81
302 61.44
308 61.00
314 60.69
320 60.44
332 59.94
338 59.63
344 59.19
350 58.88
356 58.50
362 58.19
368 57.88
374 57.63
380 57.38
386 57.06
391 56.75
397 56.50
403 56.19
409 55.88
415 55.56
421 55.25
427 54.94
433 54.69
445 54.31
451 54.06
457 53.81
463 53.56
469 53.25
475 53.00
487 52.56
492 52.25
504 51.75
510 51.50
516 51.25
522 51.00
528 50.75
534 50.50
540 50.25
546 50.00
552 49.75
564 49.31
570 49.06
576 48.81
587 48.38
599 47.94
611 47.56
623 47.25
635 46.81
641 46.56
653 46.19
665 45.88
671 45.63
677 45.38
682 45.13
688 44.88
700 44.50
712 44.19
724 43.88
736 43.50
748 43.19
760 42.81
772 42.50
783 42.13
795 41.81
807 41.50
819 41.06
831 40.81
843 40.50
855 40.13
867 39.81
878 39.44
890 39.19
902 38.88
914 38.50
926 38.19
938 37.88
950 37.56
962 37.19
973 36.94
985 36.69
997 36.44
1009 36.19
1021 35.94
1033 35.69
1045 35.31
1057 35.00
1068 34.75
1086 34.44
1098 34.19
1110 33.94
1122 33.63
1134 33.38
1146 33.13
1158 32.88
1169 32.63
1181 32.38
1193 32.06
1205 31.81
1217 31.56
1229 31.31
1241 31.06
1253 30.81
1270 30.50
1282 30.25
1294 30.00
1306 29.75
1318 29.50
1336 29.19
1348 28.94
1359 28.69
1377 28.37
1389 28.12
1401 27.87
1419 27.56
1437 27.31
1454 27.00
1466 26.75
1478 26.50
1490 26.25
1508 25.94
1526 25.62
1543 25.31
1561 25.06
1579 24.75
1597 24.50
1615 24.19
1633 23.94
1644 23.69
1662 23.44
1680 23.12
1692 22.87
1716 22.56
1734 22.31
1751 22.00
1769 21.75
1787 21.50
1805 21.25
1823 20.94
1834 20.69
1858 20.44
1876 20.19
1894 19.94
1912 19.69
1935 19.37
1959 19.12
1983 18.81
2001 18.56
2025 18.25
2048 17.94
2066 17.69
2090 17.44
2108 17.19
2131 16.94
2149 16.69
2173 16.44
2191 16.19
2215 15.94
2238 15.63
2262 15.38
2286 15.13
2310 14.88
2333 14.63
2351 14.38
2375 14.13
2393 13.88
2422 13.56
2452 13.31
2470 13.06
2488 12.81
2517 12.56
2541 12.25
2571 12.00
2595 11.75
2618 11.50
2642 11.25
2666 11.00
2690 10.75
2725 10.44
2755 10.19
2779 9.94
2808 9.69
2838 9.44
2868 9.19
2898 8.94
2927 8.69
2957 8.44
2987 8.19
3010 7.94
3040 7.69
3070 7.44
3099 7.19
3135 6.94
3165 6.69
3200 6.44
3242 6.19
3278 5.94
3307 5.69
3343 5.44
3379 5.19
3414 4.94
3444 4.69
3480 4.44
3503 4.19
3539 3.94
3587 3.69
3628 3.44
3670 3.19
3711 2.94
3747 2.69
3794 2.44
3842 2.19
3895 1.94
3955 1.69
4020 1.44
4097 1.19
4181 0.94
4270 0.69
4353 0.44
4448 0.19
4483 0.00
-----------END---------
-----------END---------
