0 16.94
6 16.62
12 16.31
18 16.00
24 15.75
30 15.44
36 15.19
48 14.94
60 14.69
71 14.44
83 14.19
95 13.88
107 13.63
125 13.31
137 13.00
155 12.75
172 12.44
184 12.19
202 11.94
226 11.63
244 11.31
262 11.06
279 10.81
297 10.56
321 10.19
345 9.88
368 9.63
386 9.38
404 9.13
422 8.88
446 8.63
464 8.38
487 8.13
505 7.88
529 7.63
547 7.38
564 7.13
588 6.88
612 6.63
642 6.38
660 6.13
683 5.88
707 5.63
731 5.38
761 5.06
790 4.81
814 4.56
844 4.31
867 4.06
891 3.81
915 3.56
945 3.31
968 3.06
998 2.81
1022 2.56
1052 2.25
1081 2.00
1099 1.75
1123 1.50
1153 1.25
1176 1.00
1212 0.75
1236 0.50
1265 0.25
1301 0.00
-----------END---------
-----------END---------
0 20.19
77 19.87
95 19.50
107 19.25
119 19.00
131 18.75
143 18.50
155 18.25
172 17.94
190 17.62
208 17.37
226 17.12
244 16.87
261 16.56
285 16.25
309 15.94
327 15.69
345 15.44
368 15.19
392 14.88
416 14.63
440 14.31
463 14.06
481 13.81
505 13.56
529 13.25
552 13.00
570 12.75
594 12.50
612 12.25
636 12.00
659 11.75
683 11.50
701 11.25
725 11.00
748 10.75
772 10.50
796 10.25
820 10.00
844 9.75
867 9.50
891 9.25
915 9.00
939 8.75
962 8.50
986 8.25
1010 8.00
1040 7.75
1063 7.50
1087 7.25
1117 7.00
1141 6.75
1170 6.50
1194 6.25
1224 6.00
1247 5.75
1277 5.50
1301 5.25
1331 5.00
1360 4.75
1384 4.50
1408 4.25
1432 4.00
1467 3.75
1497 3.50
1527 3.25
1556 3.00
1592 2.75
1634 2.50
1669 2.25
1711 2.00
1752 1.75
1794 1.50
1847 1.25
2097 1.00
2210 0.75
2293 0.50
2376 0.25
2441 0.00
-----------END---------
-----------END---------
0 24.94
24 24.69
42 24.44
54 24.12
65 23.87
77 23.62
101 23.37
113 23.12
125 22.87
143 22.56
155 22.31
178 22.06
190 21.75
202 21.50
226 21.19
244 20.87
261 20.62
273 20.37
297 20.06
321 19.75
339 19.50
356 19.19
374 18.94
392 18.69
416 18.44
434 18.12
457 17.81
469 17.56
493 17.31
517 17.06
535 16.81
552 16.56
582 16.25
600 16.00
624 15.75
636 15.50
665 15.19
689 14.94
701 14.69
725 14.44
742 14.19
760 13.94
784 13.63
808 13.38
832 13.06
855 12.81
879 12.56
897 12.31
921 12.06
944 11.81
968 11.56
992 11.31
1016 11.06
1033 10.81
1063 10.56
1081 10.31
1111 10.06
1134 9.81
1158 9.56
1182 9.31
1206 9.06
1235 8.81
1259 8.56
1283 8.31
1313 8.06
1342 7.81
1366 7.56
1396 7.31
1420 7.06
1443 6.81
1473 6.56
1497 6.31
1526 6.06
1556 5.81
1580 5.56
1610 5.31
1639 5.06
1675 4.81
1705 4.56
1734 4.31
1764 4.06
1794 3.81
1817 3.56
1853 3.31
1889 3.06
1918 2.81
1954 2.56
1990 2.31
2025 2.06
2061 1.81
2097 1.56
2150 1.31
2245 1.06
2346 0.81
2459 0.56
2548 0.31
2631 0.00
-----------END---------
-----------END---------
0 37.56
12 37.25
24 36.81
30 36.56
42 36.25
54 36.00
65 35.69
77 35.31
89 35.00
107 34.75
119 34.50
131 34.25
143 34.00
155 33.69
166 33.44
178 33.19
190 32.88
202 32.56
214 32.25
232 31.94
244 31.69
261 31.37
279 31.00
291 30.75
303 30.50
321 30.25
339 30.00
351 29.69
362 29.44
374 29.12
392 28.81
410 28.50
428 28.19
446 27.81
463 27.50
481 27.19
499 26.87
517 26.56
535 26.31
552 26.06
564 25.81
582 25.56
594 25.25
618 24.94
636 24.69
653 24.44
671 24.12
689 23.87
707 23.56
725 23.25
748 23.00
766 22.75
784 22.44
802 22.12
820 21.87
843 21.62
861 21.37
885 21.12
903 20.87
921 20.56
944 20.31
962 20.06
980 19.81
998 19.56
1022 19.31
1039 19.06
1057 18.81
1075 18.56
1099 18.31
1117 18.06
1134 17.81
1158 17.56
1182 17.31
1206 17.06
1229 16.81
1241 16.56
1265 16.31
1283 16.06
1307 15.81
1330 15.56
1348 15.31
1366 15.06
1390 14.81
1414 14.56
1431 14.31
1455 14.00
1491 13.75
1509 13.50
1538 13.25
1562 13.00
1592 12.75
1615 12.50
1639 12.25
1663 12.00
1693 11.75
1722 11.50
1746 11.25
1776 11.00
1800 10.75
1829 10.50
1859 10.25
1889 10.00
1918 9.75
1942 9.50
1972 9.25
2002 9.00
2031 8.75
2061 8.50
2091 8.25
2120 8.00
2156 7.75
2186 7.50
2221 7.25
2251 7.00
2281 6.75
2310 6.50
2340 6.25
2370 6.00
2399 5.75
2435 5.50
2465 5.25
2494 5.00
2530 4.75
2566 4.50
2595 4.25
2631 4.00
2661 3.75
2696 3.50
2726 3.25
2762 3.00
2791 2.75
2827 2.50
2863 2.25
2898 2.00
2940 1.75
2988 1.50
3047 1.25
3154 1.00
3285 0.75
3374 0.50
3457 0.25
3522 0.00
-----------END---------
-----------END---------
0 11.25
18 11.00
36 10.75
54 10.44
71 10.19
89 9.88
107 9.63
119 9.38
137 9.13
155 8.81
172 8.56
196 8.31
214 8.06
238 7.81
262 7.56
285 7.31
315 7.06
345 6.81
374 6.56
398 6.31
428 6.06
458 5.81
481 5.56
511 5.31
541 5.06
570 4.81
600 4.56
636 4.31
665 4.06
701 3.81
731 3.56
766 3.31
796 3.06
832 2.81
861 2.56
897 2.31
933 2.06
968 1.81
1004 1.56
1052 1.31
1105 1.06
1242 0.81
1360 0.56
1450 0.31
1539 0.00
-----------END---------
-----------END---------
0 15.56
18 15.31
30 15.06
42 14.81
60 14.56
83 14.25
107 14.00
125 13.75
143 13.50
166 13.19
190 12.94
208 12.69
232 12.44
256 12.19
279 11.94
297 11.69
327 11.38
357 11.13
380 10.88
410 10.63
434 10.38
457 10.13
481 9.88
511 9.63
535 9.38
558 9.13
582 8.88
612 8.63
642 8.38
665 8.13
695 7.88
719 7.63
749 7.38
778 7.13
808 6.88
838 6.63
867 6.38
897 6.13
933 5.88
962 5.63
992 5.38
1022 5.13
1051 4.88
1081 4.63
1117 4.38
1146 4.13
1188 3.88
1218 3.63
1253 3.38
1283 3.13
1319 2.88
1354 2.63
1396 2.38
1432 2.13
1467 1.88
1497 1.63
1539 1.37
1580 1.12
1628 0.88
1711 0.63
1794 0.37
1883 0.12
1907 0.00
-----------END---------
-----------END---------
0 29.12
30 28.81
48 28.50
60 28.19
71 27.87
83 27.62
95 27.37
107 27.12
125 26.81
137 26.56
149 26.31
166 26.00
184 25.69
196 25.44
214 25.12
226 24.87
244 24.62
261 24.31
279 24.00
297 23.69
315 23.44
333 23.12
351 22.81
368 22.56
386 22.25
404 22.00
422 21.75
440 21.50
457 21.25
475 21.00
493 20.69
511 20.44
529 20.19
547 19.94
564 19.69
582 19.44
600 19.19
618 18.94
636 18.69
653 18.44
677 18.12
701 17.87
719 17.62
743 17.31
766 17.06
784 16.81
808 16.50
832 16.25
855 15.94
879 15.69
897 15.44
921 15.19
939 14.94
962 14.69
986 14.44
1010 14.13
1034 13.88
1057 13.63
1075 13.38
1099 13.13
1123 12.88
1146 12.63
1170 12.38
1194 12.06
1224 11.81
1247 11.56
1271 11.25
1301 11.00
1325 10.75
1348 10.50
1378 10.25
1402 10.00
1426 9.75
1449 9.50
1479 9.25
1503 9.00
1532 8.75
1556 8.50
1586 8.25
1610 8.00
1639 7.75
1669 7.50
1693 7.25
1723 7.00
1752 6.75
1782 6.50
1812 6.25
1835 6.00
1871 5.75
1895 5.50
1925 5.25
1954 5.00
1990 4.75
2020 4.50
2055 4.25
2085 4.00
2121 3.75
2156 3.50
2186 3.25
2222 3.00
2263 2.75
2305 2.50
2340 2.25
2376 2.00
2418 1.75
2459 1.50
2542 1.25
2726 1.00
2810 0.75
2893 0.50
2970 0.25
3041 0.00
-----------END---------
-----------END---------
0 39.81
24 39.50
36 39.00
42 38.69
48 38.44
54 38.19
65 37.75
71 37.50
83 37.19
95 36.81
107 36.44
119 36.06
131 35.75
143 35.44
155 35.13
166 34.75
178 34.44
184 34.19
196 33.94
208 33.69
220 33.38
232 33.13
244 32.75
256 32.44
267 32.19
285 31.81
297 31.50
309 31.25
321 31.00
333 30.75
345 30.44
356 30.19
368 29.94
380 29.62
398 29.31
416 28.87
428 28.62
446 28.31
463 28.00
475 27.69
487 27.44
499 27.19
517 26.87
529 26.62
547 26.31
564 26.00
582 25.69
594 25.44
612 25.12
630 24.81
642 24.56
659 24.31
677 24.00
695 23.75
713 23.44
731 23.12
748 22.81
766 22.56
784 22.25
802 22.00
820 21.75
838 21.44
855 21.19
873 20.94
891 20.62
915 20.31
933 20.00
950 19.75
968 19.50
986 19.25
1004 19.00
1022 18.75
1039 18.50
1063 18.19
1081 17.94
1105 17.62
1123 17.37
1146 17.06
1170 16.75
1194 16.50
1212 16.25
1235 16.00
1253 15.75
1277 15.44
1301 15.13
1325 14.88
1348 14.56
1372 14.31
1396 14.00
1420 13.75
1443 13.50
1461 13.25
1485 13.00
1509 12.75
1532 12.50
1556 12.25
1580 12.00
1604 11.75
1627 11.50
1651 11.25
1675 11.00
1699 10.75
1722 10.50
1752 10.25
1776 10.00
1800 9.75
1823 9.50
1847 9.25
1877 9.00
1901 8.75
1930 8.50
1954 8.25
1990 8.00
2014 7.75
2043 7.50
2073 7.25
2097 7.00
2126 6.75
2156 6.50
2186 6.25
2215 6.00
2245 5.75
2281 5.50
2311 5.25
2340 5.00
2376 4.75
2406 4.50
2435 4.25
2465 4.00
2495 3.75
2530 3.50
2560 3.25
2596 3.00
2625 2.75
2655 2.50
2691 2.25
2726 2.00
2762 1.75
2798 1.50
2827 1.25
2869 1.00
2916 0.75
2970 0.50
3101 0.25
3213 0.00
-----------END---------
-----------END---------
0 44.44
54 44.06
60 43.81
71 43.44
83 43.06
95 42.81
107 42.50
119 42.25
131 42.00
143 41.75
155 41.44
166 41.13
184 40.81
196 40.50
208 40.25
226 39.94
238 39.69
250 39.44
267 39.06
279 38.81
291 38.56
303 38.31
315 38.06
333 37.75
345 37.50
362 37.19
374 36.94
392 36.69
404 36.44
416 36.19
428 35.94
446 35.69
457 35.44
469 35.19
487 34.94
505 34.69
523 34.31
541 34.06
558 33.75
576 33.44
594 33.19
612 32.88
630 32.63
647 32.38
665 32.13
683 31.87
701 31.56
719 31.31
736 31.06
754 30.81
772 30.56
790 30.31
808 30.06
832 29.75
855 29.44
879 29.19
897 28.94
915 28.69
932 28.44
950 28.19
974 27.94
992 27.69
1016 27.44
1033 27.19
1051 26.94
1075 26.62
1099 26.37
1122 26.12
1140 25.87
1164 25.62
1182 25.37
1200 25.12
1223 24.87
1253 24.62
1271 24.37
1283 24.12
1295 23.87
1313 23.56
1330 23.25
1348 22.94
1366 22.62
1384 22.37
1402 22.06
1419 21.81
1437 21.56
1455 21.31
1479 21.06
1497 20.81
1520 20.56
1544 20.25
1562 20.00
1586 19.69
1609 19.44
1633 19.19
1651 18.94
1669 18.69
1693 18.44
1716 18.12
1740 17.87
1758 17.62
1782 17.31
1805 17.06
1829 16.81
1847 16.56
1877 16.31
1895 16.06
1918 15.75
1942 15.50
1972 15.25
1995 15.00
2019 14.75
2037 14.50
2061 14.25
2085 14.00
2114 13.75
2138 13.50
2162 13.25
2186 13.00
2209 12.75
2233 12.50
2263 12.25
2281 12.00
2310 11.75
2334 11.50
2364 11.25
2387 11.00
2411 10.75
2441 10.50
2465 10.25
2494 10.00
2518 9.75
2548 9.50
2572 9.25
2601 9.00
2631 8.75
2655 8.50
2684 8.25
2714 8.00
2744 7.75
2774 7.50
2797 7.25
2827 7.00
2857 6.75
2892 6.50
2922 6.25
2952 6.00
2981 5.75
3011 5.50
3047 5.25
3076 5.00
3112 4.75
3142 4.50
3177 4.25
3207 4.00
3243 3.75
3272 3.50
3308 3.25
3344 3.00
3379 2.75
3415 2.50
3445 2.25
3474 2.00
3510 1.75
3546 1.50
3593 1.25
3694 1.00
3872 0.75
3985 0.50
4080 0.25
4146 0.00
-----------END---------
-----------END---------
0 56.69
18 56.38
30 56.06
42 55.69
48 55.25
54 54.81
60 54.38
65 54.00
71 53.63
77 53.31
83 53.00
89 52.63
95 52.25
101 51.94
107 51.69
113 51.38
119 51.00
131 50.56
137 50.31
143 50.00
149 49.75
161 49.31
166 49.06
172 48.81
184 48.38
190 48.13
196 47.81
202 47.50
214 47.13
226 46.69
238 46.25
244 46.00
250 45.69
256 45.44
267 45.13
279 44.75
291 44.44
297 44.19
303 43.94
315 43.56
327 43.13
339 42.81
345 42.50
356 42.25
368 41.75
380 41.38
392 41.06
404 40.75
416 40.31
428 39.94
440 39.56
451 39.25
463 38.94
475 38.56
487 38.19
493 37.94
505 37.63
517 37.38
529 37.06
541 36.69
552 36.44
564 36.13
576 35.88
588 35.56
600 35.31
612 35.00
618 34.69
624 34.38
642 34.13
653 33.69
671 33.31
689 33.00
701 32.75
713 32.44
725 32.19
737 31.87
748 31.50
766 31.19
778 30.94
790 30.62
802 30.31
820 29.94
832 29.62
843 29.37
861 29.00
879 28.62
891 28.37
903 28.06
915 27.75
932 27.50
944 27.25
956 26.94
974 26.69
986 26.37
998 26.12
1016 25.87
1028 25.62
1039 25.37
1051 25.12
1063 24.87
1081 24.62
1099 24.31
1111 24.06
1123 23.81
1140 23.50
1152 23.25
1176 23.00
1188 22.75
1200 22.50
1212 22.25
1229 21.94
1247 21.69
1265 21.37
1283 21.06
1301 20.75
1318 20.50
1336 20.19
1354 19.94
1372 19.69
1390 19.44
1414 19.12
1431 18.87
1449 18.62
1467 18.37
1479 18.12
1503 17.87
1520 17.62
1538 17.37
1556 17.12
1574 16.87
1598 16.56
1615 16.31
1639 16.00
1663 15.75
1681 15.50
1705 15.19
1728 14.94
1746 14.69
1770 14.38
1794 14.13
1817 13.88
1835 13.63
1859 13.38
1877 13.13
1901 12.88
1924 12.63
1948 12.38
1966 12.13
1990 11.88
2013 11.63
2037 11.38
2061 11.13
2085 10.88
2108 10.63
2132 10.38
2156 10.13
2180 9.88
2203 9.63
2227 9.38
2257 9.13
2281 8.88
2304 8.63
2328 8.38
2358 8.13
2388 7.81
2417 7.56
2447 7.31
2471 7.06
2500 6.81
2524 6.56
2554 6.31
2584 6.06
2613 5.81
2643 5.56
2667 5.31
2696 5.06
2726 4.81
2756 4.56
2785 4.31
2815 4.06
2845 3.81
2875 3.56
2904 3.31
2934 3.06
2964 2.81
2993 2.56
3029 2.31
3059 2.06
3088 1.81
3124 1.56
3160 1.31
3195 1.06
3237 0.81
3284 0.56
3350 0.31
3427 0.00
-----------END---------
-----------END---------
0 60.31
5 60.00
17 59.56
23 59.31
35 59.00
41 58.75
53 58.44
59 58.19
65 57.88
71 57.56
77 57.31
83 57.06
89 56.81
95 56.44
100 56.13
106 55.88
112 55.63
124 55.19
136 54.75
142 54.50
154 54.06
166 53.69
178 53.25
190 52.81
195 52.56
207 52.13
219 51.69
231 51.25
237 51.00
243 50.75
255 50.38
267 50.00
273 49.75
279 49.50
290 49.13
302 48.81
314 48.44
326 48.13
332 47.88
344 47.50
356 47.19
368 46.81
380 46.44
391 46.13
403 45.69
415 45.38
427 45.06
439 44.69
451 44.44
463 44.13
475 43.75
486 43.44
498 43.13
510 42.88
522 42.50
534 42.19
546 41.88
558 41.50
570 41.13
581 40.81
593 40.50
599 40.25
605 40.00
617 39.63
635 39.31
647 38.94
659 38.63
671 38.25
682 37.88
694 37.50
706 37.25
718 36.94
730 36.63
742 36.31
754 36.00
766 35.69
777 35.44
789 35.13
801 34.81
807 34.56
819 34.31
831 34.00
843 33.75
861 33.38
872 33.13
884 32.81
896 32.44
908 32.19
914 31.94
932 31.62
950 31.31
962 31.00
973 30.62
985 30.37
997 30.06
1015 29.69
1027 29.44
1039 29.12
1051 28.87
1062 28.56
1080 28.19
1098 27.94
1110 27.69
1122 27.37
1134 27.06
1152 26.69
1169 26.37
1187 26.06
1199 25.81
1211 25.56
1223 25.31
1235 25.00
1252 24.75
1270 24.44
1282 24.12
1300 23.87
1318 23.62
1330 23.37
1342 23.12
1359 22.81
1371 22.56
1389 22.25
1413 22.00
1431 21.75
1443 21.44
1460 21.12
1478 20.87
1490 20.62
1514 20.31
1532 20.00
1549 19.75
1567 19.50
1585 19.25
1603 18.94
1621 18.69
1639 18.44
1656 18.19
1674 17.87
1698 17.56
1716 17.31
1734 17.06
1751 16.81
1769 16.56
1793 16.25
1817 15.94
1834 15.69
1852 15.44
1870 15.19
1894 14.94
1912 14.69
1930 14.44
1953 14.13
1977 13.88
1995 13.63
2019 13.38
2036 13.13
2060 12.88
2078 12.63
2102 12.38
2126 12.13
2143 11.88
2161 11.63
2191 11.38
2209 11.13
2232 10.88
2256 10.63
2280 10.38
2304 10.13
2327 9.88
2351 9.63
2381 9.38
2405 9.13
2428 8.88
2452 8.63
2482 8.38
2506 8.13
2529 7.88
2559 7.63
2589 7.38
2613 7.13
2642 6.88
2666 6.63
2696 6.38
2725 6.13
2755 5.88
2785 5.63
2820 5.38
2844 5.13
2874 4.88
2910 4.63
2939 4.38
2969 4.13
3005 3.88
3040 3.63
3070 3.38
3106 3.13
3141 2.88
3177 2.63
3207 2.38
3236 2.13
3272 1.88
3308 1.63
3343 1.37
3385 1.12
3450 0.88
3545 0.63
3658 0.37
3753 0.12
3777 0.00
-----------END---------
-----------END---------
0 64.37
5 64.00
11 63.50
17 63.25
23 62.88
29 62.38
35 62.00
41 61.69
47 61.38
53 61.00
59 60.63
65 60.31
71 60.00
77 59.69
83 59.38
89 59.00
95 58.63
100 58.25
106 57.88
112 57.56
118 57.25
124 57.00
130 56.75
136 56.44
142 56.00
148 55.69
154 55.44
160 55.13
166 54.81
172 54.50
178 54.25
184 54.00
190 53.75
195 53.50
201 53.19
207 52.81
213 52.56
225 52.06
231 51.81
237 51.50
243 51.19
249 50.94
255 50.69
261 50.31
273 49.81
279 49.56
285 49.31
296 48.88
302 48.63
308 48.38
320 47.94
326 47.63
338 47.19
344 46.94
350 46.69
356 46.38
368 46.06
374 45.81
380 45.56
386 45.25
391 45.00
403 44.63
415 44.25
421 44.00
427 43.75
439 43.38
451 42.94
463 42.50
475 42.13
486 41.69
498 41.38
504 41.13
516 40.81
522 40.56
534 40.19
546 39.88
558 39.44
570 39.13
582 38.75
587 38.50
599 38.19
611 37.88
623 37.50
635 37.19
647 36.81
659 36.44
671 36.13
682 35.81
694 35.44
700 35.19
712 34.94
724 34.63
736 34.25
748 34.00
760 33.69
772 33.31
783 33.06
795 32.75
807 32.50
819 32.19
831 31.87
843 31.56
855 31.25
867 31.00
878 30.69
890 30.37
902 30.12
914 29.81
926 29.56
938 29.31
950 29.06
962 28.81
973 28.56
985 28.25
997 28.00
1009 27.75
1021 27.44
1033 27.19
1045 26.94
1057 26.69
1068 26.44
1080 26.19
1092 25.94
1110 25.56
1128 25.25
1140 25.00
1152 24.75
1163 24.50
1175 24.25
1193 23.94
1205 23.69
1223 23.37
1235 23.12
1253 22.81
1264 22.56
1282 22.25
1300 21.94
1312 21.69
1330 21.37
1342 21.12
1359 20.81
1377 20.50
1395 20.19
1413 19.87
1431 19.56
1443 19.31
1460 19.00
1478 18.75
1496 18.44
1514 18.19
1532 17.87
1549 17.62
1561 17.37
1579 17.12
1597 16.87
1615 16.62
1627 16.37
1650 16.12
1668 15.81
1686 15.56
1704 15.25
1728 15.00
1745 14.75
1757 14.50
1775 14.25
1799 14.00
1811 13.75
1829 13.50
1846 13.19
1864 12.94
1894 12.69
1906 12.44
1924 12.13
1947 11.88
1965 11.63
1989 11.38
2007 11.13
2036 10.88
2054 10.56
2072 10.25
2090 10.00
2114 9.75
2137 9.50
2155 9.25
2185 9.00
2209 8.75
2226 8.50
2256 8.25
2274 8.00
2298 7.75
2322 7.50
2345 7.25
2363 7.00
2387 6.75
2411 6.50
2434 6.25
2458 6.00
2488 5.75
2523 5.50
2547 5.25
2613 5.00
2654 4.75
2702 4.50
2743 4.25
2791 4.00
2838 3.75
2880 3.50
2927 3.25
2993 3.00
3064 2.75
3153 2.50
3242 2.25
3385 2.00
3533 1.75
3628 1.50
3717 1.25
3806 1.00
3884 0.75
3961 0.50
4038 0.25
4092 0.00
-----------END---------
-----------END---------
0 72.19
5 71.56
11 70.94
17 70.56
29 70.12
35 69.75
41 69.31
47 69.00
53 68.56
59 68.19
65 67.81
71 67.44
77 67.06
83 66.75
89 66.44
95 66.19
100 65.87
106 65.50
112 65.19
118 64.81
124 64.44
130 64.06
136 63.69
142 63.31
148 63.00
154 62.75
160 62.50
166 62.25
172 61.88
178 61.50
184 61.19
190 60.94
195 60.56
201 60.13
207 59.88
213 59.63
219 59.31
225 59.06
231 58.75
237 58.38
243 58.06
249 57.75
255 57.38
261 57.13
267 56.81
279 56.50
285 56.25
291 56.00
302 55.56
308 55.19
314 54.81
320 54.50
332 54.06
338 53.81
344 53.56
350 53.25
356 52.94
368 52.56
380 52.19
386 51.94
397 51.50
403 51.13
409 50.88
421 50.44
433 50.13
439 49.88
445 49.63
451 49.38
463 48.94
475 48.56
481 48.31
492 47.94
498 47.69
510 47.38
522 47.06
534 46.63
540 46.38
552 45.94
564 45.63
576 45.31
587 45.00
599 44.69
605 44.44
617 44.06
623 43.81
629 43.56
641 43.25
653 42.94
665 42.63
677 42.25
688 41.94
694 41.69
706 41.38
712 41.13
724 40.88
736 40.56
748 40.25
760 39.88
777 39.56
789 39.25
801 38.81
819 38.50
825 38.25
837 37.88
849 37.63
861 37.38
872 37.13
884 36.81
896 36.44
908 36.19
926 35.94
938 35.69
950 35.38
962 35.06
973 34.69
985 34.44
997 34.19
1009 33.81
1027 33.44
1039 33.19
1057 32.94
1074 32.63
1086 32.31
1098 32.00
1116 31.69
1128 31.25
1146 30.94
1157 30.69
1175 30.37
1187 30.12
1205 29.81
1217 29.56
1229 29.31
1247 29.06
1258 28.81
1276 28.56
1294 28.19
1306 27.94
1324 27.56
1342 27.31
1353 27.06
1371 26.81
1389 26.50
1407 26.12
1425 25.87
1437 25.62
1448 25.37
1472 25.12
1484 24.87
1496 24.62
1508 24.37
1526 24.06
1555 23.81
1567 23.56
1579 23.31
1591 23.06
1615 22.81
1638 22.56
1650 22.31
1668 22.00
1692 21.69
1710 21.44
1728 21.19
1739 20.94
1763 20.69
1781 20.44
1799 20.19
1817 19.94
1834 19.69
1852 19.44
1870 19.19
1894 18.87
1918 18.62
1935 18.37
1959 18.12
1977 17.81
2001 17.56
2019 17.25
2048 17.00
2072 16.75
2090 16.44
2114 16.19
2137 15.94
2161 15.69
2179 15.44
2197 15.19
2220 14.88
2244 14.63
2268 14.38
2292 14.13
2310 13.88
2345 13.56
2369 13.31
2393 13.06
2416 12.81
2440 12.56
2464 12.31
2488 12.06
2511 11.81
2541 11.56
2559 11.31
2583 11.00
2618 10.75
2654 10.44
2678 10.19
2702 9.94
2731 9.69
2755 9.44
2785 9.13
2808 8.88
2850 8.63
2874 8.38
2903 8.13
2921 7.88
2957 7.63
2987 7.38
3022 7.13
3046 6.88
3070 6.63
3099 6.38
3129 6.13
3153 5.88
3183 5.63
3212 5.38
3242 5.13
3266 4.88
3301 4.63
3331 4.38
3379 4.13
3402 3.88
3426 3.63
3474 3.38
3503 3.13
3545 2.88
3592 2.63
3628 2.38
3670 2.13
3723 1.88
3783 1.63
3860 1.37
3979 1.12
4085 0.88
4169 0.63
4252 0.37
4347 0.12
4371 0.00
-----------END---------
-----------END---------
0 77.69
5 76.81
11 76.25
17 75.81
23 75.37
29 74.81
35 74.25
41 73.69
47 73.00
53 72.37
59 71.87
65 71.31
71 70.94
77 70.62
83 70.31
89 69.81
95 69.25
100 68.81
106 68.31
112 67.94
118 67.56
124 67.06
130 66.69
136 66.31
142 66.00
148 65.62
154 65.12
160 64.62
166 64.19
172 63.88
178 63.63
184 63.31
190 63.00
196 62.69
201 62.25
207 61.88
213 61.50
219 61.25
225 60.94
231 60.63
237 60.31
243 59.94
249 59.63
255 59.31
261 59.06
267 58.75
273 58.38
285 57.88
291 57.56
296 57.19
302 56.88
314 56.31
320 55.81
326 55.38
338 54.94
344 54.69
350 54.38
356 54.06
362 53.75
368 53.38
380 52.94
391 52.63
403 52.19
409 51.94
415 51.63
427 51.19
433 50.94
439 50.69
451 50.31
457 50.06
463 49.81
469 49.50
475 49.19
481 48.88
492 48.56
498 48.31
504 48.06
516 47.63
522 47.38
528 47.13
540 46.69
552 46.31
558 46.06
564 45.75
576 45.44
582 45.19
593 44.81
599 44.56
605 44.31
611 44.06
617 43.81
629 43.56
641 43.19
653 42.75
665 42.31
671 42.06
682 41.69
694 41.25
700 41.00
712 40.75
724 40.31
736 40.00
748 39.75
754 39.50
766 39.06
777 38.69
789 38.31
801 38.06
807 37.81
819 37.50
831 37.19
843 36.94
855 36.56
861 36.31
872 36.06
890 35.69
896 35.44
902 35.19
914 34.94
926 34.63
938 34.31
950 34.06
962 33.81
967 33.56
979 33.31
991 33.06
1003 32.75
1015 32.50
1027 32.25
1039 31.87
1051 31.62
1068 31.31
1080 30.94
1092 30.69
1104 30.37
1122 30.06
1134 29.75
1146 29.50
1158 29.19
1169 28.94
1187 28.62
1199 28.37
1211 28.00
1229 27.69
1241 27.44
1258 27.19
1270 26.87
1282 26.62
1294 26.37
1312 26.06
1330 25.81
1342 25.50
1359 25.12
1371 24.81
1395 24.44
1407 24.06
1425 23.81
1437 23.56
1460 23.25
1472 23.00
1484 22.75
1502 22.44
1520 22.12
1538 21.75
1555 21.50
1567 21.25
1585 21.00
1603 20.62
1621 20.31
1639 20.06
1656 19.75
1674 19.44
1686 19.19
1704 18.94
1722 18.56
1740 18.31
1757 18.06
1769 17.81
1787 17.56
1846 17.25
1876 17.00
1900 16.75
1924 16.50
1947 16.25
1977 16.00
2001 15.75
2030 15.50
2054 15.25
2078 15.00
2102 14.75
2114 14.50
2126 14.25
2137 14.00
2161 13.69
2191 13.38
2209 13.13
2226 12.88
2262 12.63
2292 12.31
2327 12.00
2351 11.69
2369 11.44
2393 11.19
2422 10.94
2464 10.69
2482 10.38
2512 10.13
2547 9.88
2571 9.63
2595 9.38
2624 9.13
2648 8.81
2684 8.50
2719 8.25
2749 8.00
2773 7.75
2803 7.50
2838 7.25
2862 7.00
2892 6.69
2927 6.44
2951 6.19
2993 5.88
3022 5.63
3052 5.38
3082 5.13
3117 4.88
3147 4.63
3177 4.38
3212 4.13
3248 3.88
3284 3.63
3319 3.38
3355 3.13
3391 2.88
3426 2.63
3474 2.38
3515 2.13
3551 1.88
3593 1.63
3634 1.37
3676 1.12
3735 0.88
3866 0.63
4014 0.37
4127 0.12
4157 0.00
-----------END---------
-----------END---------
0 76.37
5 75.44
11 75.00
17 74.62
23 74.12
29 73.75
35 73.31
41 72.69
47 72.06
53 71.56
59 71.06
65 70.56
71 70.06
77 69.37
83 69.00
89 68.50
95 68.06
100 67.62
106 67.19
112 66.81
118 66.56
124 66.12
130 65.69
136 65.31
142 64.94
148 64.44
154 64.00
160 63.63
166 63.19
172 62.94
178 62.63
184 62.19
190 61.94
195 61.56
201 61.13
207 60.75
213 60.31
219 60.00
225 59.63
231 59.19
237 58.94
243 58.63
249 58.25
255 57.94
267 57.44
273 57.19
279 56.88
285 56.63
291 56.38
296 56.00
302 55.69
308 55.31
314 55.00
326 54.56
332 54.25
338 53.94
344 53.63
350 53.25
356 53.00
362 52.69
368 52.44
374 52.13
386 51.69
397 51.25
409 50.88
415 50.63
421 50.38
427 50.00
433 49.75
445 49.38
451 49.06
457 48.81
463 48.56
469 48.31
475 48.06
481 47.69
492 47.25
504 46.94
516 46.56
528 46.19
540 45.81
546 45.50
552 45.25
558 45.00
564 44.75
570 44.50
582 44.13
593 43.75
605 43.25
617 42.94
623 42.69
635 42.25
647 41.94
653 41.69
665 41.38
677 41.06
688 40.69
694 40.44
706 40.19
712 39.88
718 39.63
730 39.31
742 39.06
754 38.69
760 38.44
772 38.19
783 37.81
795 37.44
807 37.13
819 36.81
831 36.50
843 36.13
855 35.88
867 35.56
878 35.25
890 35.00
902 34.69
914 34.38
926 34.13
938 33.81
950 33.56
962 33.19
985 32.94
997 32.63
1009 32.25
1021 32.00
1039 31.62
1051 31.37
1062 31.06
1074 30.81
1086 30.50
1104 30.19
1116 29.94
1128 29.62
1140 29.37
1152 29.12
1163 28.87
1181 28.62
1199 28.31
1211 27.94
1223 27.69
1235 27.44
1253 27.19
1258 26.94
1276 26.69
1288 26.44
1312 26.12
1318 25.87
1330 25.62
1353 25.31
1377 25.00
1389 24.75
1401 24.50
1413 24.25
1437 23.94
1454 23.69
1466 23.44
1484 23.19
1496 22.87
1514 22.56
1538 22.25
1561 21.94
1573 21.69
1591 21.37
1615 21.06
1627 20.81
1650 20.56
1662 20.25
1686 20.00
1704 19.75
1722 19.50
1734 19.19
1757 18.94
1775 18.69
1793 18.44
1811 18.19
1829 17.87
1846 17.62
1870 17.31
1900 17.06
1918 16.81
1941 16.50
1965 16.19
1995 15.88
2019 15.63
2030 15.38
2048 15.13
2078 14.88
2096 14.63
2120 14.31
2143 14.06
2173 13.75
2191 13.50
2220 13.25
2244 13.00
2262 12.75
2280 12.50
2304 12.19
2339 11.94
2363 11.69
2381 11.44
2405 11.19
2428 10.94
2452 10.69
2482 10.44
2506 10.19
2529 9.94
2553 9.69
2577 9.44
2601 9.19
2642 8.94
2666 8.63
2690 8.38
2719 8.13
2743 7.88
2761 7.63
2785 7.25
2803 7.00
2844 6.69
2862 6.44
2903 6.19
2927 5.94
2963 5.69
2987 5.44
3016 5.19
3052 4.94
3082 4.69
3111 4.44
3141 4.19
3171 3.94
3200 3.69
3236 3.44
3266 3.19
3301 2.94
3337 2.69
3373 2.44
3402 2.19
3438 1.94
3468 1.69
3503 1.44
3527 1.19
3557 0.94
3581 0.69
3628 0.44
3765 0.19
3812 0.00
-----------END---------
-----------END---------
0 80.19
5 78.94
11 78.37
17 77.87
23 77.12
29 76.69
35 76.06
41 75.44
47 74.94
53 74.25
59 73.75
65 73.31
71 72.81
77 72.37
83 71.94
89 71.44
95 70.94
100 70.50
106 70.00
112 69.56
118 69.19
124 68.81
130 68.37
136 67.94
142 67.56
148 67.12
154 66.81
160 66.31
166 65.94
172 65.62
178 65.19
184 64.75
190 64.31
196 63.94
201 63.63
207 63.31
213 63.00
219 62.63
225 62.38
231 62.13
237 61.81
243 61.50
249 61.19
255 60.88
261 60.63
267 60.31
273 59.88
279 59.63
285 59.31
291 59.06
296 58.69
302 58.44
308 58.19
314 57.88
320 57.56
326 57.31
332 57.06
338 56.75
344 56.50
350 56.25
356 55.94
362 55.63
368 55.31
374 55.06
386 54.56
391 54.31
397 54.06
409 53.69
415 53.44
421 53.19
427 52.88
439 52.44
451 52.00
457 51.75
469 51.31
475 51.00
487 50.56
492 50.31
504 49.94
516 49.50
528 49.13
540 48.69
552 48.25
564 47.88
576 47.38
587 47.00
599 46.69
605 46.44
611 46.19
623 45.88
635 45.50
647 45.06
653 44.81
665 44.50
677 44.13
688 43.75
700 43.44
712 43.13
724 42.69
736 42.38
748 42.06
760 41.81
772 41.38
783 41.06
795 40.75
807 40.38
819 40.13
831 39.81
843 39.50
855 39.19
867 38.81
878 38.50
890 38.25
902 37.88
914 37.56
932 37.19
944 36.88
956 36.56
973 36.25
985 36.00
997 35.75
1009 35.50
1021 35.13
1033 34.88
1045 34.50
1057 34.25
1074 33.94
1086 33.69
1098 33.44
1116 33.13
1128 32.81
1140 32.50
1157 32.25
1169 32.00
1181 31.75
1193 31.44
1205 31.19
1223 30.94
1241 30.69
1252 30.44
1264 30.12
1276 29.87
1294 29.62
1306 29.37
1324 29.06
1336 28.81
1353 28.56
1365 28.25
1377 28.00
1395 27.75
1419 27.44
1431 27.19
1442 26.94
1454 26.69
1472 26.44
1484 26.19
1508 25.94
1520 25.69
1532 25.44
1543 25.19
1567 24.94
1579 24.69
1597 24.44
1615 24.19
1627 23.94
1644 23.62
1662 23.37
1674 23.12
1698 22.87
1716 22.62
1733 22.31
1745 22.06
1769 21.69
1793 21.37
1811 21.12
1823 20.87
1834 20.62
1858 20.37
1876 20.12
1894 19.87
1912 19.62
1929 19.37
1947 19.12
1965 18.81
1983 18.56
2007 18.31
2024 18.06
2042 17.81
2060 17.56
2084 17.31
2108 17.00
2131 16.75
2149 16.50
2173 16.25
2191 16.00
2209 15.75
2226 15.50
2256 15.19
2274 14.94
2292 14.69
2309 14.38
2321 14.13
2357 13.88
2369 13.63
2410 13.38
2428 13.00
2458 12.75
2488 12.44
2505 12.19
2535 11.94
2559 11.63
2577 11.38
2601 11.13
2624 10.88
2648 10.63
2672 10.38
2696 10.13
2737 9.88
2755 9.63
2779 9.38
2802 9.13
2820 8.88
2844 8.63
2880 8.38
2897 8.13
2921 7.88
2951 7.56
2975 7.31
3004 7.00
3040 6.69
3070 6.38
3093 6.13
3123 5.88
3159 5.63
3188 5.38
3212 5.13
3260 4.88
3284 4.63
3307 4.38
3349 4.13
3379 3.88
3420 3.63
3450 3.38
3485 3.13
3521 2.88
3557 2.63
3586 2.38
3622 2.13
3664 1.88
3711 1.63
3753 1.37
3800 1.12
3854 0.88
3961 0.63
4044 0.37
4121 0.12
4139 0.00
-----------END---------
-----------END---------
0 78.69
5 77.75
11 77.37
17 76.94
23 76.50
29 76.12
35 75.37
41 74.69
47 74.12
53 73.56
59 73.06
65 72.50
71 72.00
77 71.44
83 71.00
89 70.62
95 70.12
100 69.69
106 69.19
112 68.62
118 68.19
124 67.62
130 67.19
136 66.87
142 66.56
148 66.12
154 65.69
160 65.19
166 64.81
172 64.44
178 64.00
184 63.69
190 63.31
195 62.94
201 62.56
207 62.19
213 61.81
219 61.44
225 61.13
231 60.88
237 60.56
243 60.25
249 59.88
255 59.56
261 59.19
267 58.81
273 58.44
279 58.13
285 57.75
291 57.44
296 57.13
302 56.81
308 56.50
314 56.19
320 55.94
326 55.69
332 55.38
338 55.06
344 54.75
350 54.44
356 54.19
362 53.88
368 53.63
374 53.31
380 53.06
391 52.56
397 52.31
403 52.06
409 51.75
421 51.25
427 50.94
433 50.69
439 50.44
445 50.19
451 49.94
457 49.69
463 49.44
469 49.19
475 48.94
481 48.69
487 48.44
498 47.94
504 47.69
516 47.25
528 46.81
540 46.38
552 45.94
558 45.69
564 45.44
576 45.00
582 44.75
593 44.38
605 44.00
617 43.63
623 43.38
629 43.13
641 42.75
653 42.38
659 42.13
671 41.75
682 41.44
694 41.00
706 40.63
718 40.19
730 39.88
742 39.56
754 39.19
766 38.88
772 38.63
783 38.25
795 37.94
807 37.63
819 37.31
831 36.94
843 36.69
855 36.31
867 35.94
878 35.63
896 35.25
908 34.94
914 34.69
926 34.38
938 34.06
950 33.81
962 33.56
973 33.19
985 32.88
997 32.63
1009 32.31
1021 32.00
1033 31.69
1045 31.37
1057 31.12
1068 30.81
1080 30.56
1092 30.31
1104 30.00
1122 29.69
1134 29.37
1146 29.12
1157 28.87
1175 28.50
1187 28.25
1199 28.00
1211 27.75
1229 27.37
1241 27.12
1253 26.87
1264 26.62
1276 26.37
1288 26.06
1306 25.75
1324 25.50
1336 25.19
1348 24.94
1365 24.62
1377 24.37
1389 24.12
1407 23.87
1425 23.56
1437 23.31
1448 23.06
1460 22.81
1478 22.56
1496 22.31
1526 22.06
1549 21.81
1573 21.56
1591 21.31
1615 21.06
1638 20.81
1662 20.56
1680 20.31
1704 20.06
1728 19.81
1751 19.56
1769 19.31
1793 19.06
1817 18.81
1840 18.56
1864 18.31
1882 18.06
1912 17.75
1941 17.50
1959 17.25
1989 17.00
2013 16.75
2030 16.50
2054 16.25
2084 16.00
2108 15.75
2137 15.50
2161 15.25
2191 15.00
2214 14.75
2244 14.50
2274 14.25
2304 14.00
2333 13.75
2357 13.50
2393 13.25
2416 13.00
2452 12.75
2488 12.50
2517 12.25
2547 12.00
2583 11.75
2612 11.50
2648 11.25
2684 11.00
2713 10.75
2749 10.50
2791 10.25
2826 10.00
2862 9.75
2903 9.50
2939 9.25
2975 9.00
3022 8.75
3064 8.50
3105 8.25
3147 8.00
3188 7.75
3224 7.50
3272 7.25
3313 7.00
3361 6.75
3402 6.50
3444 6.25
3468 6.00
3485 5.75
3509 5.50
3533 5.25
3557 5.00
3592 4.75
3622 4.50
3652 4.25
3687 4.00
3717 3.75
3753 3.50
3788 3.25
3824 3.00
3860 2.75
3895 2.50
3937 2.25
3972 2.00
4020 1.75
4056 1.50
4091 1.25
4133 1.00
4180 0.75
4246 0.50
4311 0.25
4394 0.00
-----------END---------
-----------END---------
0 83.94
5 83.06
11 82.37
17 81.87
23 81.31
29 80.75
35 80.12
41 79.56
47 79.00
53 78.44
59 77.87
65 77.31
71 76.75
77 76.12
83 75.50
89 74.94
95 74.44
100 73.81
106 73.25
112 72.75
118 72.25
124 71.81
130 71.31
136 70.87
142 70.44
148 70.06
154 69.50
160 69.00
166 68.56
172 68.19
178 67.81
184 67.44
190 67.00
196 66.62
201 66.19
207 65.75
213 65.37
219 65.06
225 64.69
231 64.31
237 63.94
243 63.56
249 63.19
255 62.81
261 62.50
267 62.13
273 61.75
279 61.44
285 61.06
291 60.75
296 60.44
302 60.13
308 59.81
314 59.50
320 59.19
326 58.81
332 58.50
338 58.25
344 58.00
350 57.69
356 57.44
362 57.13
368 56.75
374 56.44
380 56.13
386 55.88
391 55.63
397 55.38
403 55.13
409 54.88
415 54.63
421 54.31
433 53.88
439 53.63
445 53.38
451 53.13
457 52.81
469 52.38
481 51.94
487 51.69
498 51.25
504 51.00
510 50.69
516 50.38
522 50.00
528 49.63
534 49.31
540 48.94
546 48.69
558 48.19
564 47.88
570 47.63
576 47.31
582 47.00
593 46.50
599 46.19
605 45.81
611 45.56
623 45.19
629 44.94
635 44.69
641 44.44
647 44.19
659 43.75
665 43.50
677 43.13
682 42.88
688 42.63
700 42.25
712 41.81
718 41.56
724 41.31
736 41.06
742 40.81
748 40.50
760 40.25
772 39.81
778 39.56
783 39.31
789 39.06
801 38.75
813 38.38
825 38.00
837 37.69
849 37.44
861 37.00
878 36.63
890 36.25
902 35.88
920 35.50
932 35.19
944 34.81
956 34.44
968 34.19
979 33.81
991 33.56
1003 33.31
1015 33.00
1027 32.63
1039 32.38
1051 32.06
1063 31.75
1074 31.50
1086 31.25
1098 30.81
1110 30.50
1122 30.12
1134 29.87
1140 29.62
1152 29.37
1163 29.12
1175 28.81
1187 28.50
1205 28.19
1217 27.87
1229 27.56
1241 27.31
1258 27.06
1270 26.75
1288 26.37
1306 26.06
1324 25.75
1342 25.44
1353 25.12
1365 24.87
1389 24.50
1401 24.25
1413 23.94
1425 23.69
1443 23.44
1454 23.19
1466 22.94
1484 22.69
1496 22.37
1514 22.00
1538 21.75
1549 21.50
1561 21.19
1585 20.87
1603 20.56
1621 20.31
1639 19.94
1656 19.69
1674 19.44
1686 19.19
1704 18.94
1722 18.62
1739 18.37
1751 18.12
1769 17.81
1787 17.56
1811 17.31
1823 17.06
1840 16.75
1864 16.50
1882 16.12
1906 15.81
1924 15.56
1941 15.31
1965 15.00
1983 14.75
2001 14.50
2019 14.25
2036 14.00
2048 13.75
2066 13.50
2096 13.13
2120 12.88
2143 12.63
2161 12.38
2179 12.13
2203 11.88
2226 11.56
2250 11.25
2280 11.00
2304 10.75
2321 10.50
2345 10.25
2369 10.00
2393 9.75
2416 9.50
2440 9.25
2464 9.00
2488 8.75
2512 8.50
2535 8.25
2565 8.00
2589 7.75
2612 7.50
2642 7.25
2666 7.00
2690 6.75
2719 6.50
2743 6.25
2773 6.00
2797 5.75
2826 5.50
2850 5.25
2874 5.00
2904 4.75
2921 4.50
2951 4.25
2975 4.00
3004 3.75
3028 3.50
3058 3.25
3082 3.00
3111 2.75
3135 2.50
3165 2.25
3195 2.00
3230 1.75
3266 1.50
3296 1.25
3325 1.00
3355 0.75
3385 0.50
3420 0.25
3444 0.00
-----------END---------
-----------END---------
0 87.56
5 86.50
11 85.87
17 84.94
23 84.37
29 83.56
35 82.87
41 82.19
47 81.37
53 80.75
59 80.25
65 79.69
71 79.12
77 78.44
83 77.94
89 77.50
95 76.94
100 76.37
106 75.75
112 75.06
118 74.69
124 74.31
130 73.81
136 73.31
142 72.81
148 72.37
154 71.87
160 71.50
166 71.00
172 70.69
178 70.31
184 69.87
190 69.37
196 68.87
201 68.50
207 67.94
213 67.62
219 67.31
225 67.06
231 66.69
237 66.19
243 65.75
249 65.37
255 64.94
261 64.69
273 64.19
279 63.75
285 63.38
291 62.94
296 62.63
302 62.31
308 62.06
314 61.81
320 61.44
326 61.06
332 60.63
338 60.38
344 60.00
350 59.69
356 59.31
362 59.00
374 58.56
380 58.19
391 57.63
397 57.38
403 57.13
409 56.81
415 56.56
421 56.19
427 55.94
439 55.56
445 55.31
457 54.88
463 54.63
469 54.31
475 54.06
481 53.63
487 53.31
492 53.06
498 52.81
504 52.56
516 52.13
522 51.88
534 51.44
546 51.00
552 50.69
564 50.19
576 49.75
587 49.38
599 48.94
605 48.69
617 48.25
623 47.94
629 47.69
641 47.31
647 47.06
659 46.75
671 46.38
677 46.13
682 45.81
700 45.50
712 45.06
718 44.81
730 44.38
742 44.06
754 43.81
760 43.56
766 43.31
772 43.06
789 42.75
801 42.38
813 42.00
825 41.69
837 41.31
855 41.06
867 40.75
878 40.38
890 40.00
902 39.63
914 39.31
920 39.06
932 38.81
944 38.56
956 38.31
967 38.06
979 37.75
991 37.50
1003 37.25
1015 36.81
1027 36.50
1039 36.19
1051 35.69
1080 35.44
1092 35.06
1104 34.81
1116 34.56
1128 34.19
1140 33.94
1152 33.69
1163 33.44
1181 33.19
1193 32.88
1205 32.56
1223 32.31
1235 32.00
1247 31.69
1258 31.44
1270 31.19
1282 30.87
1294 30.56
1312 30.31
1330 30.00
1348 29.75
1359 29.31
1377 29.06
1395 28.81
1407 28.56
1419 28.25
1443 27.87
1454 27.62
1472 27.37
1490 27.06
1502 26.75
1514 26.50
1538 26.25
1555 25.94
1573 25.62
1585 25.37
1609 25.12
1621 24.81
1644 24.50
1656 24.19
1674 23.94
1698 23.69
1716 23.44
1728 23.12
1745 22.87
1757 22.62
1781 22.37
1799 22.12
1811 21.87
1829 21.56
1840 21.31
1870 21.00
1888 20.69
1918 20.44
1935 20.19
1953 19.87
1971 19.62
1989 19.37
2013 19.12
2030 18.87
2048 18.56
2072 18.31
2084 18.06
2114 17.75
2137 17.44
2155 17.19
2173 16.94
2203 16.69
2215 16.37
2250 16.06
2274 15.81
2298 15.56
2321 15.31
2345 15.00
2363 14.75
2381 14.50
2411 14.25
2428 14.00
2452 13.75
2482 13.50
2494 13.25
2517 13.00
2541 12.69
2577 12.38
2601 12.06
2618 11.81
2648 11.56
2672 11.25
2696 11.00
2743 10.75
2779 10.50
2808 10.25
2838 10.00
2868 9.75
2898 9.50
2933 9.25
2963 9.00
2993 8.75
3022 8.50
3046 8.25
3082 8.00
3117 7.75
3147 7.50
3183 7.25
3224 7.00
3254 6.75
3284 6.50
3319 6.25
3361 6.00
3396 5.75
3426 5.50
3468 5.25
3503 5.00
3539 4.75
3575 4.50
3616 4.25
3652 4.00
3682 3.75
3717 3.50
3753 3.25
3794 3.00
3836 2.75
3878 2.50
3907 2.25
3943 2.00
3996 1.75
4056 1.50
4115 1.25
4210 1.00
4305 0.75
4371 0.50
4436 0.25
4483 0.00
-----------END---------
-----------END---------
